/*--------------------------------*- C++ -*----------------------------------*\
| =========                 |                                                 |
| \\      /  F ield         | OpenFOAM: The Open Source CFD Toolbox           |
|  \\    /   O peration     | Version:  v1906                                 |
|   \\  /    A nd           | Web:      www.OpenFOAM.com                      |
|    \\/     M anipulation  |                                                 |
\*---------------------------------------------------------------------------*/
FoamFile
{
    version     2.0;
    format      ascii;
    class       volVectorField;
    location    "71";
    object      U;
}
// * * * * * * * * * * * * * * * * * * * * * * * * * * * * * * * * * * * * * //

dimensions      [0 1 -1 0 0 0 0];


internalField   nonuniform List<vector> 
2650
(
(0.458707 -0.000840416 3.1688e-16)
(0.480025 -0.00133873 5.4644e-16)
(0.497069 -0.00158139 5.35547e-16)
(0.524851 -0.00193786 9.77141e-17)
(0.554458 -0.00212206 -3.05321e-15)
(0.589146 -0.00233275 -3.16745e-17)
(0.627612 -0.00248582 1.03974e-16)
(0.669348 -0.00268596 -1.94781e-16)
(0.71755 -0.00284047 1.60638e-16)
(0.767107 -0.00308881 -5.64858e-16)
(0.828768 -0.00319058 -6.76519e-16)
(0.884391 -0.00337083 1.77514e-16)
(0.960413 -0.00291462 -2.76312e-16)
(0.998053 -0.00146368 -1.26776e-16)
(1.02385 0.00168886 7.17877e-16)
(0.459348 -0.00230492 9.19574e-16)
(0.480826 -0.00347511 -2.10685e-15)
(0.497979 -0.0041955 1.55666e-15)
(0.525867 -0.0050931 3.16348e-16)
(0.555554 -0.00559813 2.35405e-16)
(0.590335 -0.00614061 -3.83254e-15)
(0.628873 -0.00655368 6.18688e-16)
(0.670706 -0.00706855 -5.71153e-16)
(0.718995 -0.00749472 4.51559e-16)
(0.768663 -0.00811844 -1.6397e-15)
(0.830452 -0.00843743 -3.3681e-17)
(0.886241 -0.00883827 5.40833e-16)
(0.962599 -0.00775892 -7.94052e-16)
(1.0007 -0.00380007 -3.40262e-16)
(1.02765 0.00433048 4.41653e-16)
(0.456422 -0.00384047 1.54808e-15)
(0.478055 -0.00542539 -1.69287e-15)
(0.495256 -0.00672956 4.24505e-16)
(0.523116 -0.00807207 6.61225e-16)
(0.5527 -0.00891298 -3.35232e-15)
(0.587336 -0.00974749 -5.36822e-16)
(0.625685 -0.0104237 -5.72827e-18)
(0.667313 -0.0112158 1.3358e-16)
(0.715359 -0.0119314 -2.99969e-16)
(0.764776 -0.012862 -1.66526e-15)
(0.826296 -0.0134723 -6.61389e-16)
(0.881857 -0.0139705 9.14745e-16)
(0.958264 -0.0125154 -1.35155e-15)
(0.996806 -0.00597206 -5.61954e-16)
(1.02587 0.0066298 2.64503e-16)
(0.45022 -0.00539876 5.69681e-16)
(0.472033 -0.00739876 -2.32162e-15)
(0.489224 -0.00929882 1.21361e-15)
(0.516937 -0.0110788 -2.62232e-15)
(0.546252 -0.0122568 1.55434e-15)
(0.580529 -0.0133795 -8.1904e-16)
(0.61845 -0.0143213 -4.06625e-16)
(0.6596 -0.0153894 -1.49803e-16)
(0.707104 -0.0163995 -7.74039e-17)
(0.755936 -0.0176361 -1.11148e-15)
(0.816831 -0.0185525 -4.01603e-16)
(0.871805 -0.0191577 3.31803e-15)
(0.948016 -0.01738 -3.5807e-16)
(0.986996 -0.00827215 -7.52228e-16)
(1.01914 0.00888383 1.64347e-16)
(0.440951 -0.00688899 -1.53306e-16)
(0.462978 -0.00931565 1.43733e-15)
(0.480104 -0.0117761 1.93404e-15)
(0.50756 -0.0139706 1.94401e-15)
(0.536448 -0.0154638 -9.20032e-16)
(0.570167 -0.0168582 -7.69621e-16)
(0.607435 -0.0180525 -7.66722e-16)
(0.647852 -0.0193841 -3.74113e-16)
(0.694533 -0.0206755 1.23765e-16)
(0.742471 -0.0222095 -8.00407e-16)
(0.802406 -0.0234237 -2.82018e-16)
(0.85645 -0.0241656 1.26026e-15)
(0.932226 -0.0221269 3.43419e-16)
(0.971632 -0.0106604 -9.75599e-16)
(1.00785 0.0109835 8.8302e-17)
(0.428749 -0.00827681 2.14975e-16)
(0.45102 -0.0111315 1.77953e-15)
(0.468025 -0.0140995 2.71476e-15)
(0.495113 -0.0166723 1.25827e-15)
(0.523418 -0.0184476 2.91727e-15)
(0.556387 -0.0200894 -3.76194e-15)
(0.592785 -0.0215152 -1.08999e-15)
(0.632224 -0.0230907 -5.77752e-16)
(0.677812 -0.0246426 3.51072e-16)
(0.724555 -0.0264574 -6.22379e-16)
(0.783203 -0.0279553 -2.19855e-16)
(0.835979 -0.0288644 8.29804e-16)
(0.911065 -0.0266506 9.1116e-16)
(0.95085 -0.0131177 -7.44352e-16)
(0.992089 0.0128563 4.06754e-17)
(0.413713 -0.00953887 4.65725e-16)
(0.436251 -0.0128142 -9.36673e-16)
(0.453074 -0.0162257 2.84125e-15)
(0.479677 -0.0191299 7.91358e-16)
(0.507243 -0.0211471 3.2288e-15)
(0.539271 -0.0230059 -7.42158e-16)
(0.574585 -0.0246371 -1.01476e-15)
(0.612806 -0.0264315 -3.58581e-16)
(0.657035 -0.0282177 6.39179e-16)
(0.702292 -0.0302905 -5.27879e-16)
(0.759328 -0.0320543 -1.86252e-16)
(0.810496 -0.0331597 5.64289e-16)
(0.884601 -0.0308741 1.03544e-15)
(0.924667 -0.0156323 -6.25712e-16)
(0.971844 0.0144479 -1.32394e-18)
(0.395931 -0.0106524 6.42173e-16)
(0.418746 -0.0143348 4.06176e-15)
(0.435316 -0.0181118 3.26533e-15)
(0.461309 -0.0212927 1.09372e-15)
(0.487977 -0.0235046 1.16671e-15)
(0.518872 -0.0255453 2.50168e-15)
(0.55289 -0.0273508 -6.44993e-16)
(0.589658 -0.0293344 -1.82776e-16)
(0.632267 -0.0313239 2.29546e-15)
(0.675748 -0.0336259 -1.34989e-16)
(0.730847 -0.0356323 -1.6213e-16)
(0.780058 -0.0369606 5.65983e-16)
(0.852849 -0.0347172 1.2198e-15)
(0.893032 -0.0181858 -5.91172e-16)
(0.946984 0.0157084 -4.5881e-17)
(0.37549 -0.0115942 7.6133e-16)
(0.398576 -0.0156614 -5.13903e-16)
(0.41481 -0.0197145 1.70852e-15)
(0.440056 -0.0231082 1.22943e-15)
(0.46566 -0.0254621 1.72212e-15)
(0.495231 -0.0276445 5.541e-16)
(0.527743 -0.0295891 -3.64579e-16)
(0.562824 -0.0317276 -5.04146e-17)
(0.603551 -0.0338839 1.10111e-15)
(0.644972 -0.0363803 1.76548e-16)
(0.697805 -0.0385997 -1.43696e-16)
(0.744704 -0.0401712 3.31285e-16)
(0.815792 -0.0380885 8.1721e-16)
(0.855845 -0.0207459 -6.31478e-16)
(0.917299 0.0165929 -8.88284e-17)
(0.352482 -0.0123406 8.2114e-16)
(0.37581 -0.016761 1.42397e-15)
(0.39161 -0.0209872 3.64323e-15)
(0.415958 -0.0245228 1.52542e-15)
(0.440325 -0.0269607 1.56389e-15)
(0.46838 -0.0292407 1.17811e-15)
(0.499174 -0.031285 1.17286e-16)
(0.532337 -0.0335392 5.02642e-17)
(0.570924 -0.0358211 1.32367e-15)
(0.610002 -0.0384705 4.41747e-16)
(0.660236 -0.0408659 -1.4118e-16)
(0.704463 -0.0426915 1.64297e-16)
(0.773398 -0.0408853 5.22156e-16)
(0.81298 -0.0232616 -7.23569e-16)
(0.88249 0.0170571 -1.33168e-16)
(0.327011 -0.0128672 8.39198e-16)
(0.350521 -0.0175972 -1.5902e-16)
(0.365771 -0.0218819 2.79845e-15)
(0.38905 -0.0254811 1.60578e-15)
(0.412007 -0.0279415 1.31738e-15)
(0.438348 -0.0302712 1.85179e-15)
(0.467213 -0.0323718 2.74767e-16)
(0.498228 -0.0346982 1.01267e-16)
(0.534417 -0.0370594 6.625e-16)
(0.570874 -0.0398139 6.86199e-16)
(0.618172 -0.04234 -1.55875e-16)
(0.659359 -0.044417 2.66394e-17)
(0.725622 -0.0429924 3.06174e-16)
(0.76429 -0.0256577 -6.00839e-16)
(0.842165 0.0170635 -1.73494e-16)
(0.299199 -0.0131485 7.96312e-16)
(0.322786 -0.0181293 3.33378e-15)
(0.337348 -0.0223471 4.02691e-15)
(0.35937 -0.025926 1.56299e-15)
(0.380732 -0.0283454 2.74916e-15)
(0.405161 -0.0306735 1.86646e-15)
(0.431887 -0.032784 1.42311e-16)
(0.460526 -0.0351343 1.10812e-16)
(0.49406 -0.0375237 1.44616e-15)
(0.527622 -0.0403285 1.82729e-15)
(0.571638 -0.0429314 -1.94986e-16)
(0.609425 -0.0452392 -1.00729e-16)
(0.672423 -0.0442815 1.43946e-16)
(0.709621 -0.0278309 -2.82912e-16)
(0.795813 0.0165863 -2.09201e-16)
(0.269189 -0.013157 7.17375e-16)
(0.292689 -0.0183109 1.48871e-15)
(0.306401 -0.0223281 2.10604e-15)
(0.326954 -0.0257987 1.48417e-15)
(0.346532 -0.0281125 1.15323e-15)
(0.368848 -0.0303852 3.77725e-15)
(0.393222 -0.0324563 -6.79646e-16)
(0.419261 -0.0347779 -7.31873e-16)
(0.449882 -0.0371403 1.34964e-15)
(0.480282 -0.0399327 9.32668e-16)
(0.520666 -0.0425497 -7.0997e-17)
(0.554698 -0.0450464 -8.15685e-18)
(0.613763 -0.0446108 2.24353e-17)
(0.648827 -0.0296385 1.72948e-17)
(0.742791 0.0156089 -2.47031e-16)
(0.237149 -0.0128649 5.91528e-16)
(0.260316 -0.0180869 1.27187e-15)
(0.27299 -0.0217664 2.03423e-15)
(0.291838 -0.0250381 1.37063e-15)
(0.309436 -0.0271832 1.18296e-15)
(0.329436 -0.0293447 2.14979e-15)
(0.351249 -0.0313242 3.04844e-16)
(0.374465 -0.0335606 1.65999e-16)
(0.401912 -0.0358358 1.31125e-15)
(0.428893 -0.0385463 9.70136e-16)
(0.465285 -0.041106 2.04542e-16)
(0.495231 -0.0437246 8.50682e-17)
(0.549615 -0.0438267 -6.93095e-17)
(0.581785 -0.0308909 3.29887e-16)
(0.68228 0.0141339 -9.05541e-17)
(0.203285 -0.0122366 4.30641e-16)
(0.22576 -0.017394 1.13646e-15)
(0.237176 -0.0205988 2.01398e-15)
(0.254057 -0.0235815 1.2257e-15)
(0.269476 -0.0254976 1.07152e-15)
(0.286955 -0.0274909 1.76294e-15)
(0.305995 -0.0293245 3.744e-16)
(0.326172 -0.0314146 2.06061e-16)
(0.350184 -0.0335391 1.97363e-15)
(0.3735 -0.0360906 8.345e-16)
(0.40553 -0.0385139 2.64637e-16)
(0.43109 -0.0411595 1.75598e-16)
(0.47997 -0.041765 3.75692e-17)
(0.508417 -0.0313439 -5.98244e-17)
(0.61325 0.0121913 6.70314e-17)
(0.167849 -0.0112311 2.38695e-16)
(0.189109 -0.0161518 4.54956e-16)
(0.199023 -0.01876 3.08328e-15)
(0.213647 -0.0213645 1.04884e-15)
(0.226685 -0.022998 8.64136e-16)
(0.241439 -0.0247646 2.91377e-15)
(0.257495 -0.0263969 3.81231e-16)
(0.274421 -0.0282753 2.19849e-16)
(0.294732 -0.0301822 9.61209e-16)
(0.314156 -0.03249 7.16565e-16)
(0.341436 -0.0346916 1.39913e-16)
(0.362367 -0.03724 2.56168e-16)
(0.404835 -0.0382588 -3.70932e-16)
(0.428724 -0.0306819 4.64167e-16)
(0.534395 0.00984085 2.23132e-16)
(0.131149 -0.00980899 7.43054e-17)
(0.150452 -0.0142553 1.3857e-15)
(0.158594 -0.0161811 1.57504e-15)
(0.170641 -0.0183199 8.56124e-16)
(0.181098 -0.0196279 7.83335e-16)
(0.192923 -0.0211077 1.46809e-15)
(0.205785 -0.0224829 3.5364e-16)
(0.219257 -0.0240792 2.06779e-16)
(0.235593 -0.0256999 8.45373e-16)
(0.25092 -0.0276706 1.27096e-15)
(0.273039 -0.0295635 5.03967e-18)
(0.289169 -0.0318574 1.77866e-16)
(0.324245 -0.0331427 2.02502e-16)
(0.342832 -0.0284941 3.02204e-16)
(0.444075 0.00720634 -2.59167e-16)
(0.0935767 -0.00789702 -5.39195e-17)
(0.109861 -0.0115537 -2.3178e-16)
(0.115953 -0.0127774 1.07449e-15)
(0.125073 -0.0143677 6.21232e-16)
(0.132752 -0.0153208 5.83651e-16)
(0.141447 -0.0164511 2.42463e-15)
(0.150903 -0.0175132 2.90206e-16)
(0.160731 -0.01875 1.71868e-16)
(0.172807 -0.0200154 5.85891e-16)
(0.183865 -0.0215437 3.83571e-16)
(0.200373 -0.023043 3.45245e-18)
(0.211643 -0.0248889 1.16487e-16)
(0.238261 -0.0262438 1.16194e-16)
(0.251045 -0.0242139 1.80694e-16)
(0.340243 0.00454329 1.91485e-16)
(0.0556461 -0.00535128 -1.38691e-16)
(0.0673876 -0.00782721 9.1612e-16)
(0.0711613 -0.00842497 7.26924e-16)
(0.0769739 -0.00940035 3.74537e-16)
(0.0816935 -0.00997848 2.8178e-16)
(0.0870602 -0.0106973 7.26126e-16)
(0.0928991 -0.0113844 1.90479e-16)
(0.098906 -0.0121797 1.28486e-16)
(0.106418 -0.0130114 7.83537e-16)
(0.113081 -0.0139864 2.97782e-16)
(0.123473 -0.0149963 -1.33987e-17)
(0.129964 -0.0161879 6.41504e-17)
(0.146971 -0.0173367 5.86119e-17)
(0.153936 -0.0171085 9.64464e-17)
(0.220375 0.00226161 2.11087e-17)
(0.0180605 -0.00200516 -1.30776e-16)
(0.0230095 -0.00291971 -6.15781e-17)
(0.0242792 -0.00302455 3.24973e-16)
(0.0263597 -0.00334319 1.2416e-16)
(0.0279658 -0.00353358 2.06002e-16)
(0.0298075 -0.00377963 1.99382e-16)
(0.0318177 -0.00402218 6.72327e-17)
(0.0338493 -0.00430103 8.39503e-17)
(0.0364655 -0.0045945 1.35648e-16)
(0.0386681 -0.00493935 9.41754e-17)
(0.0423536 -0.005295 -4.29222e-17)
(0.044333 -0.00573162 1.89705e-17)
(0.0504683 -0.00619691 1.67651e-17)
(0.0523591 -0.00678206 2.90255e-17)
(0.0810858 0.000401482 5.03127e-18)
(0.947165 0.00685838 6.55405e-16)
(0.864307 0.0089021 2.51793e-16)
(0.776192 0.00948339 6.71339e-16)
(0.684113 0.00925711 5.32476e-16)
(0.599451 0.00839081 -5.64343e-17)
(0.524242 0.00728691 -1.56323e-16)
(0.460483 0.00611231 -1.37483e-16)
(0.407701 0.00500439 4.61671e-16)
(0.365034 0.00401201 -3.18476e-17)
(0.331176 0.00315305 -5.6446e-17)
(0.304875 0.0024196 6.39736e-16)
(0.284998 0.00179481 1.19482e-15)
(0.270614 0.00125731 3.19224e-16)
(0.260992 0.000785503 6.76848e-16)
(0.25561 0.000358777 2.14309e-16)
(0.254133 -4.16649e-05 1.63619e-16)
(0.256396 -0.000433404 2.07434e-16)
(0.262396 -0.000832696 7.21538e-16)
(0.272282 -0.00125504 7.49031e-16)
(0.286342 -0.00171548 3.05829e-16)
(0.305012 -0.00222937 7.3707e-16)
(0.328878 -0.00281237 7.51168e-16)
(0.358666 -0.00348071 2.87354e-16)
(0.395272 -0.00425116 6.68635e-16)
(0.439753 -0.00514028 2.76418e-16)
(0.49331 -0.0061622 6.72926e-16)
(0.557262 -0.00732434 2.76454e-16)
(0.632954 -0.00862221 6.06291e-16)
(0.721652 -0.0100229 7.55281e-16)
(0.824009 -0.0114625 2.98105e-16)
(0.940185 -0.0127884 7.37798e-16)
(1.06766 -0.0138479 6.74083e-16)
(1.20446 -0.0142184 1.24679e-15)
(1.33786 -0.0139087 2.28559e-16)
(1.4714 -0.0119 8.9985e-16)
(0.951193 0.0181914 1.81526e-15)
(0.868083 0.0233565 6.72607e-16)
(0.779815 0.0249826 1.91367e-15)
(0.68773 0.024337 1.84232e-15)
(0.603103 0.0220758 -1.89577e-16)
(0.52797 0.0191659 -4.47513e-16)
(0.464275 0.0160823 -4.12786e-16)
(0.411534 0.0131703 1.34603e-15)
(0.368875 0.0105633 -1.13938e-16)
(0.335 0.0083056 -1.96038e-16)
(0.30866 0.00637713 1.83558e-15)
(0.288734 0.00473331 1.58927e-15)
(0.274297 0.00331828 8.3243e-16)
(0.264626 0.00207535 1.9413e-15)
(0.259202 0.000950614 5.88934e-16)
(0.257693 -0.000105242 4.56919e-16)
(0.259937 -0.00113817 5.65508e-16)
(0.26593 -0.00219083 2.04989e-15)
(0.27582 -0.00330375 2.13182e-15)
(0.289891 -0.00451644 8.32403e-16)
(0.308576 -0.00586906 2.1016e-15)
(0.332455 -0.00740276 2.13099e-15)
(0.36225 -0.00916003 7.77335e-16)
(0.398847 -0.011185 1.92544e-15)
(0.443298 -0.0135211 7.3311e-16)
(0.496796 -0.0162056 1.91351e-15)
(0.560654 -0.0192583 7.24998e-16)
(0.636213 -0.0226672 1.56507e-15)
(0.72474 -0.0263484 2.11491e-15)
(0.826902 -0.0301287 8.04375e-16)
(0.942864 -0.0336238 2.06323e-15)
(1.07017 -0.0363886 1.81098e-15)
(1.20678 -0.0374268 1.6489e-15)
(1.34019 -0.0364704 6.62785e-16)
(1.47375 -0.0315172 6.52816e-16)
(0.94999 0.0293278 1.81507e-15)
(0.866734 0.0371579 8.60204e-16)
(0.778685 0.0398946 1.98757e-15)
(0.687035 0.0387434 1.89608e-15)
(0.602964 0.0351514 -5.16296e-16)
(0.528423 0.0304946 -7.67221e-16)
(0.465266 0.0255917 -8.16492e-16)
(0.412976 0.0209608 1.19356e-15)
(0.370668 0.0168195 -3.37363e-16)
(0.33705 0.0132321 -4.75681e-16)
(0.31089 0.0101667 1.91165e-15)
(0.291081 0.00755173 2.09945e-15)
(0.276716 0.00529867 1.21892e-15)
(0.267083 0.00331766 2.0971e-15)
(0.261674 0.00152347 8.53952e-16)
(0.260164 -0.000161912 7.3308e-16)
(0.262393 -0.00181111 8.32209e-16)
(0.26836 -0.00349161 2.21469e-15)
(0.27821 -0.00526753 2.30648e-15)
(0.292225 -0.00720141 1.1457e-15)
(0.310831 -0.00935677 2.27617e-15)
(0.3346 -0.0117988 2.29902e-15)
(0.364243 -0.0145947 1.08569e-15)
(0.400633 -0.0178146 2.05121e-15)
(0.444807 -0.0215275 1.01045e-15)
(0.497941 -0.0257927 2.03816e-15)
(0.561331 -0.0306432 9.88626e-16)
(0.636308 -0.0360596 3.52782e-15)
(0.724131 -0.0419146 2.24666e-15)
(0.825484 -0.0479251 1.12245e-15)
(0.94055 -0.0535117 2.2188e-15)
(1.06695 -0.057888 3.80743e-15)
(1.20266 -0.059669 2.14246e-15)
(1.33531 -0.0579031 9.92753e-16)
(1.46828 -0.0506139 2.86291e-15)
(0.944197 0.0409239 1.23388e-15)
(0.860837 0.0514824 8.89723e-16)
(0.77333 0.0553004 1.46388e-15)
(0.682501 0.053565 1.35185e-15)
(0.599463 0.0485609 -1.26249e-16)
(0.525988 0.0420888 -1.10386e-15)
(0.463807 0.0353139 -4.32564e-16)
(0.412348 0.028924 6.2526e-16)
(0.370706 0.0232168 -7.06967e-16)
(0.337599 0.0182736 -1.51613e-17)
(0.311817 0.0140486 1.46477e-15)
(0.292278 0.0104418 1.83874e-15)
(0.278097 0.00733114 1.46508e-15)
(0.268583 0.00459324 1.69468e-15)
(0.26324 0.00211104 1.02054e-15)
(0.261755 -0.000222378 9.91599e-16)
(0.263973 -0.00250669 1.01394e-15)
(0.269896 -0.00483446 1.7626e-15)
(0.279666 -0.0072937 1.83772e-15)
(0.293563 -0.00997021 1.28063e-15)
(0.312003 -0.0129512 1.83247e-15)
(0.335548 -0.016326 1.83297e-15)
(0.364892 -0.0201871 1.20959e-15)
(0.400891 -0.0246304 1.60871e-15)
(0.444558 -0.0297514 1.13802e-15)
(0.497044 -0.0356319 1.595e-15)
(0.55962 -0.042319 1.13661e-15)
(0.633595 -0.0497874 1.36085e-15)
(0.720219 -0.0578685 1.78963e-15)
(0.82019 -0.0661697 1.27083e-15)
(0.933729 -0.0739157 1.81007e-15)
(1.05856 -0.0799699 1.61155e-15)
(1.1927 -0.08254 1.8594e-15)
(1.32393 -0.0799638 1.22776e-15)
(1.45575 -0.0702541 7.90274e-16)
(0.934199 0.0525789 9.56323e-16)
(0.850769 0.0658384 8.65674e-16)
(0.764126 0.070621 1.22154e-15)
(0.674506 0.0682191 1.09309e-15)
(0.59297 0.0617535 9.55526e-17)
(0.521019 0.0534603 -8.92026e-16)
(0.460234 0.0448329 -1.83132e-16)
(0.409964 0.0367165 4.5086e-16)
(0.369282 0.0294787 -5.26267e-16)
(0.336922 0.0232124 2.75567e-16)
(0.311701 0.0178553 1.32738e-15)
(0.292571 0.0132786 1.8291e-15)
(0.278677 0.00932743 1.68821e-15)
(0.269352 0.00584564 1.58335e-15)
(0.264121 0.00268541 1.14878e-15)
(0.262683 -0.000288129 1.24984e-15)
(0.264893 -0.00320083 1.14462e-15)
(0.270754 -0.00616946 1.59568e-15)
(0.280408 -0.00930526 1.66042e-15)
(0.294128 -0.0127164 1.35467e-15)
(0.312322 -0.0165131 1.66514e-15)
(0.335536 -0.0208078 1.65746e-15)
(0.364446 -0.0257174 1.28261e-15)
(0.399881 -0.0313629 1.46236e-15)
(0.442826 -0.0378653 1.21512e-15)
(0.494396 -0.0453286 1.45186e-15)
(0.555828 -0.0538145 1.23304e-15)
(0.628402 -0.0632942 1.44925e-15)
(0.71335 -0.0735622 1.64193e-15)
(0.81139 -0.0841243 1.35526e-15)
(0.922789 -0.0940152 1.67512e-15)
(1.04539 -0.10176 1.67058e-15)
(1.17733 -0.105138 1.83877e-15)
(1.30648 -0.101807 1.44201e-15)
(1.43663 -0.0896375 1.01969e-15)
(0.920149 0.0641857 8.38766e-16)
(0.836693 0.0800541 8.42018e-16)
(0.751264 0.0856432 1.1318e-15)
(0.663266 0.082472 1.00876e-15)
(0.58371 0.0745012 2.69118e-16)
(0.513741 0.064403 -3.48835e-16)
(0.454761 0.0539721 4.126e-17)
(0.406025 0.0441926 4.8395e-16)
(0.366582 0.0354884 -2.91889e-18)
(0.335188 0.0279569 5.11389e-16)
(0.310698 0.0215167 1.33271e-15)
(0.292105 0.0160102 1.96626e-15)
(0.278591 0.0112507 1.93612e-15)
(0.269521 0.00705097 1.59367e-15)
(0.264443 0.00323403 1.24361e-15)
(0.263073 -0.000361344 1.53354e-15)
(0.265274 -0.00388582 1.23946e-15)
(0.271056 -0.00747907 1.56885e-15)
(0.280558 -0.0112744 1.62585e-15)
(0.294048 -0.015401 1.40648e-15)
(0.31192 -0.0199909 1.63357e-15)
(0.334704 -0.0251783 1.6228e-15)
(0.363051 -0.0311031 1.33711e-15)
(0.39776 -0.0379095 1.45173e-15)
(0.439778 -0.045743 1.27668e-15)
(0.490178 -0.0547288 1.44523e-15)
(0.550151 -0.0649438 1.30146e-15)
(0.620939 -0.0763585 1.52291e-15)
(0.70375 -0.088736 1.62162e-15)
(0.799317 -0.101492 1.4066e-15)
(0.907969 -0.113483 1.65308e-15)
(1.02769 -0.12291 1.70331e-15)
(1.15677 -0.127115 1.94816e-15)
(1.28318 -0.123091 1.65277e-15)
(1.4111 -0.108463 1.23743e-15)
(0.90208 0.0757107 8.17183e-16)
(0.818665 0.0940493 8.19801e-16)
(0.734847 0.10025 1.12353e-15)
(0.648922 0.096188 1.0322e-15)
(0.571845 0.0866688 4.08643e-16)
(0.50432 0.0747943 -1.42074e-18)
(0.447546 0.062627 2.30872e-16)
(0.400673 0.0512673 6.31638e-16)
(0.362734 0.0411782 3.3139e-16)
(0.332512 0.0324545 6.92933e-16)
(0.308911 0.0249929 1.40343e-15)
(0.290974 0.018607 1.72723e-15)
(0.277926 0.0130799 1.73756e-15)
(0.26917 0.00819537 1.64332e-15)
(0.264283 0.0037492 1.29558e-15)
(0.262998 -0.000444294 1.38803e-15)
(0.265191 -0.00455885 1.28222e-15)
(0.270877 -0.0087555 1.62275e-15)
(0.280194 -0.013188 1.67482e-15)
(0.293401 -0.0180054 1.44221e-15)
(0.31088 -0.0233596 1.68259e-15)
(0.333139 -0.0294051 1.6748e-15)
(0.360802 -0.0363027 1.38105e-15)
(0.394631 -0.0442183 1.5195e-15)
(0.435527 -0.0533196 1.32568e-15)
(0.484515 -0.0637523 1.51154e-15)
(0.542729 -0.0756083 1.34923e-15)
(0.61136 -0.0888603 1.61984e-15)
(0.691585 -0.103247 1.67512e-15)
(0.784147 -0.118108 1.43222e-15)
(0.889443 -0.132135 1.70314e-15)
(1.00561 -0.143227 1.75364e-15)
(1.13116 -0.148277 1.67582e-15)
(1.25413 -0.143628 1.3766e-15)
(1.37924 -0.126556 9.60393e-16)
(0.879956 0.0871208 8.74083e-16)
(0.796687 0.107745 7.8292e-16)
(0.714937 0.114326 1.18327e-15)
(0.631587 0.109235 1.13965e-15)
(0.557511 0.0981292 5.13706e-16)
(0.492896 0.0845225 2.2326e-16)
(0.438722 0.0707053 3.81278e-16)
(0.394029 0.0578664 8.54245e-16)
(0.357842 0.0464904 5.5088e-16)
(0.328986 0.0366611 8.26492e-16)
(0.306419 0.0282505 1.54085e-15)
(0.289246 0.0210445 1.59544e-15)
(0.276743 0.0147977 1.61483e-15)
(0.268356 0.00926738 1.75095e-15)
(0.263692 0.00422446 1.31988e-15)
(0.262508 -0.000538932 1.31542e-15)
(0.264692 -0.0052177 1.29785e-15)
(0.270265 -0.00999239 1.73559e-15)
(0.279364 -0.0150356 1.78453e-15)
(0.29224 -0.0205144 1.45107e-15)
(0.309259 -0.0265989 1.7893e-15)
(0.330904 -0.0334617 1.78465e-15)
(0.357768 -0.0412825 1.3996e-15)
(0.390571 -0.0502464 1.64765e-15)
(0.430164 -0.0605415 1.35145e-15)
(0.477509 -0.0723317 1.63441e-15)
(0.533677 -0.0857242 1.37096e-15)
(0.599797 -0.100697 1.74337e-15)
(0.677 -0.116971 1.78521e-15)
(0.766031 -0.133824 1.4285e-15)
(0.867359 -0.149805 1.78529e-15)
(0.979291 -0.162531 1.83348e-15)
(1.1006 -0.168442 1.50458e-15)
(1.21941 -0.163238 1.1898e-15)
(1.34107 -0.143745 7.86526e-16)
(0.85369 0.0983666 6.38151e-16)
(0.770721 0.121044 6.97288e-16)
(0.691579 0.127731 9.58095e-16)
(0.611363 0.121468 9.38071e-16)
(0.54084 0.108748 5.61335e-16)
(0.479608 0.0934747 3.74662e-16)
(0.428415 0.0781165 4.89887e-16)
(0.386203 0.0639193 7.81231e-16)
(0.352 0.0513708 6.83619e-16)
(0.324685 0.0405354 9.14944e-16)
(0.303286 0.0312589 1.39085e-15)
(0.286975 0.0233002 1.50257e-15)
(0.275089 0.0163883 1.52476e-15)
(0.267119 0.0102566 1.56785e-15)
(0.262709 0.00465416 1.31147e-15)
(0.261638 -0.000646746 1.27585e-15)
(0.263812 -0.00585992 1.28705e-15)
(0.269256 -0.0111835 1.54028e-15)
(0.278106 -0.016807 1.57689e-15)
(0.290604 -0.0229134 1.40829e-15)
(0.307099 -0.0296891 1.58308e-15)
(0.328046 -0.0373228 1.57718e-15)
(0.354005 -0.0460101 1.37084e-15)
(0.385646 -0.0559531 1.47412e-15)
(0.423764 -0.0673571 1.32883e-15)
(0.469252 -0.0804024 1.46047e-15)
(0.523104 -0.0952106 1.34524e-15)
(0.586375 -0.111767 1.54238e-15)
(0.660134 -0.129784 1.56136e-15)
(0.745119 -0.148492 1.38456e-15)
(0.841862 -0.166319 1.55378e-15)
(0.948857 -0.180632 1.58223e-15)
(1.06518 -0.187414 1.35617e-15)
(1.17905 -0.181729 1.06066e-15)
(1.29657 -0.159832 6.72496e-16)
(0.823155 0.10938 4.79531e-16)
(0.740713 0.133824 6.06585e-16)
(0.664814 0.140306 8.06109e-16)
(0.588363 0.132728 8.02858e-16)
(0.521973 0.118387 5.91618e-16)
(0.464596 0.101539 4.81945e-16)
(0.416755 0.0847739 5.74713e-16)
(0.377305 0.0693604 7.66758e-16)
(0.345298 0.05577 7.77472e-16)
(0.319683 0.0440406 9.78374e-16)
(0.299571 0.0339905 1.31808e-15)
(0.28421 0.0253541 1.45018e-15)
(0.273003 0.0178376 1.46354e-15)
(0.265493 0.011154 1.45891e-15)
(0.261361 0.00503345 1.2974e-15)
(0.260415 -0.000768758 1.25309e-15)
(0.262575 -0.00648299 1.26765e-15)
(0.267874 -0.0123227 1.41356e-15)
(0.276447 -0.0184923 1.43793e-15)
(0.288523 -0.0251886 1.35185e-15)
(0.304434 -0.032612 1.44317e-15)
(0.324607 -0.0409646 1.44069e-15)
(0.34956 -0.0504555 1.32933e-15)
(0.379915 -0.0613005 1.37269e-15)
(0.416399 -0.0737188 1.29529e-15)
(0.45983 -0.0879044 1.35957e-15)
(0.511115 -0.103992 1.3031e-15)
(0.571217 -0.121974 1.4038e-15)
(0.641131 -0.141565 1.41075e-15)
(0.721567 -0.161962 1.3189e-15)
(0.813107 -0.181501 1.40297e-15)
(0.91444 -0.197329 1.41084e-15)
(1.02496 -0.204981 1.24831e-15)
(1.13309 -0.198886 9.73079e-16)
(1.24567 -0.174596 5.985e-16)
(0.788194 0.120065 3.75981e-16)
(0.706605 0.145934 5.30119e-16)
(0.634701 0.151863 6.87372e-16)
(0.562722 0.14284 7.13081e-16)
(0.501071 0.126903 6.12121e-16)
(0.44802 0.108607 5.6236e-16)
(0.403879 0.0905967 6.42645e-16)
(0.367448 0.0741303 7.84221e-16)
(0.337826 0.0596442 8.50254e-16)
(0.314051 0.0471444 1.03052e-15)
(0.295328 0.0364218 1.29036e-15)
(0.280993 0.0271891 1.43461e-15)
(0.270519 0.0191337 1.42744e-15)
(0.263505 0.011952 1.39503e-15)
(0.259674 0.00535844 1.28581e-15)
(0.258861 -0.000905526 1.24047e-15)
(0.261004 -0.00708427 1.25017e-15)
(0.266143 -0.0134042 1.32984e-15)
(0.274409 -0.0200823 1.34168e-15)
(0.286023 -0.0273272 1.29661e-15)
(0.301295 -0.0353506 1.3453e-15)
(0.320622 -0.0443655 1.34599e-15)
(0.344479 -0.0545914 1.28848e-15)
(0.373432 -0.066254 1.30516e-15)
(0.40814 -0.0795831 1.27048e-15)
(0.449333 -0.0947824 1.29468e-15)
(0.497819 -0.111997 1.2613e-15)
(0.554459 -0.13123 1.30673e-15)
(0.620148 -0.152198 1.30724e-15)
(0.695548 -0.174088 1.25067e-15)
(0.781271 -0.195168 1.29307e-15)
(0.876194 -0.21241 1.29043e-15)
(0.980067 -0.220912 1.18444e-15)
(1.08154 -0.214478 9.14632e-16)
(1.18831 -0.187784 5.65322e-16)
(0.748617 0.130288 3.0407e-16)
(0.668341 0.157189 4.714e-16)
(0.601323 0.162185 6.03574e-16)
(0.534607 0.151618 6.52663e-16)
(0.478319 0.134152 6.34533e-16)
(0.430052 0.114574 6.26275e-16)
(0.389935 0.0955122 7.06984e-16)
(0.356751 0.0781777 8.20364e-16)
(0.329676 0.0629569 9.09949e-16)
(0.307858 0.0498203 1.0793e-15)
(0.290612 0.0385335 1.29071e-15)
(0.277365 0.0287914 1.45167e-15)
(0.267669 0.0202669 1.41133e-15)
(0.261182 0.0126443 1.35967e-15)
(0.257669 0.00562615 1.28056e-15)
(0.256995 -0.00105713 1.23499e-15)
(0.259116 -0.00766113 1.2387e-15)
(0.264079 -0.0144226 1.27433e-15)
(0.272013 -0.0215689 1.27361e-15)
(0.283128 -0.0293178 1.24788e-15)
(0.29771 -0.0378901 1.27502e-15)
(0.316126 -0.0475065 1.27951e-15)
(0.338805 -0.0583937 1.25358e-15)
(0.366255 -0.0707837 1.26107e-15)
(0.399057 -0.0849121 1.24918e-15)
(0.437849 -0.100988 1.25117e-15)
(0.483331 -0.119164 1.2237e-15)
(0.536241 -0.139452 1.23696e-15)
(0.597356 -0.161577 1.2295e-15)
(0.667256 -0.184729 1.1924e-15)
(0.746552 -0.20714 1.20801e-15)
(0.834298 -0.225655 1.20195e-15)
(0.930599 -0.23496 1.14887e-15)
(1.02445 -0.228245 8.68982e-16)
(1.1244 -0.199104 5.66298e-16)
(0.704208 0.139865 2.54402e-16)
(0.625889 0.167356 4.17261e-16)
(0.564806 0.171021 5.46642e-16)
(0.504225 0.158862 6.1616e-16)
(0.453936 0.139992 6.5653e-16)
(0.410888 0.119346 6.78904e-16)
(0.375081 0.0994572 7.67075e-16)
(0.345337 0.0814603 8.63167e-16)
(0.320942 0.065679 9.64426e-16)
(0.301177 0.0520477 1.12851e-15)
(0.285475 0.0403106 1.30854e-15)
(0.273367 0.0301503 1.50149e-15)
(0.264484 0.0212301 1.40954e-15)
(0.258546 0.0132267 1.34144e-15)
(0.255364 0.00583464 1.28256e-15)
(0.254833 -0.00122322 1.23484e-15)
(0.256926 -0.00821085 1.23566e-15)
(0.261698 -0.0153728 1.23855e-15)
(0.269277 -0.0229444 1.22602e-15)
(0.279857 -0.0311501 1.2081e-15)
(0.293706 -0.0402171 1.22493e-15)
(0.311153 -0.0503709 1.23355e-15)
(0.332582 -0.0618417 1.22812e-15)
(0.358438 -0.0748635 1.23743e-15)
(0.389222 -0.0896733 1.23583e-15)
(0.425473 -0.106481 1.22716e-15)
(0.46777 -0.125441 1.19532e-15)
(0.516715 -0.146569 1.18767e-15)
(0.572939 -0.169604 1.16789e-15)
(0.636909 -0.19375 1.14028e-15)
(0.709185 -0.217235 1.14081e-15)
(0.788968 -0.236831 1.13597e-15)
(0.876707 -0.246853 1.13941e-15)
(0.96186 -0.239899 8.38347e-16)
(1.0538 -0.208222 6.03763e-16)
(0.65473 0.148536 2.37159e-16)
(0.579265 0.176144 3.76593e-16)
(0.525337 0.178082 5.00292e-16)
(0.471847 0.164358 5.92437e-16)
(0.428179 0.144284 6.82896e-16)
(0.390745 0.122836 7.22387e-16)
(0.359491 0.10238 8.29058e-16)
(0.333339 0.0839455 9.08399e-16)
(0.311723 0.0677889 1.01623e-15)
(0.294079 0.0538117 1.18162e-15)
(0.27997 0.0417427 1.33356e-15)
(0.269037 0.0312582 1.5935e-15)
(0.260992 0.0220179 1.41513e-15)
(0.255621 0.0136959 1.33307e-15)
(0.252779 0.00598268 1.2926e-15)
(0.252391 -0.00140304 1.23838e-15)
(0.25445 -0.00873083 1.24212e-15)
(0.259017 -0.0162503 1.21751e-15)
(0.266217 -0.0242022 1.19255e-15)
(0.276233 -0.0328153 1.17569e-15)
(0.289307 -0.0423204 1.18918e-15)
(0.305735 -0.0529446 1.20302e-15)
(0.325852 -0.064918 1.20979e-15)
(0.350038 -0.0784721 1.22446e-15)
(0.37871 -0.09384 1.22652e-15)
(0.412303 -0.111226 1.21197e-15)
(0.451265 -0.13078 1.17432e-15)
(0.496045 -0.15252 1.14659e-15)
(0.547104 -0.176191 1.11647e-15)
(0.604755 -0.201024 1.08812e-15)
(0.669448 -0.225272 1.08133e-15)
(0.740478 -0.245694 1.08137e-15)
(0.818587 -0.256291 1.1711e-15)
(0.893855 -0.249107 8.10797e-16)
(0.976397 -0.214741 6.63989e-16)
(0.599922 0.155932 2.32173e-16)
(0.528553 0.183186 3.49879e-16)
(0.483185 0.183039 4.63829e-16)
(0.437803 0.167892 5.76636e-16)
(0.401347 0.1469 7.12754e-16)
(0.369865 0.124975 7.65727e-16)
(0.343346 0.104242 8.92241e-16)
(0.320891 0.0856127 9.56312e-16)
(0.302118 0.0692744 1.06375e-15)
(0.286636 0.0551044 1.2381e-15)
(0.274151 0.0428239 1.35574e-15)
(0.264413 0.0321109 1.52732e-15)
(0.257223 0.0226275 1.415e-15)
(0.252427 0.0140504 1.32892e-15)
(0.249929 0.00607 1.3117e-15)
(0.249683 -0.00159553 1.24314e-15)
(0.2517 -0.00921852 1.25975e-15)
(0.256049 -0.0170509 1.20663e-15)
(0.26285 -0.0253367 1.16936e-15)
(0.272274 -0.034306 1.1516e-15)
(0.28454 -0.0441909 1.16435e-15)
(0.299906 -0.0552164 1.18415e-15)
(0.318659 -0.0676091 1.1979e-15)
(0.341113 -0.0815931 1.21647e-15)
(0.367597 -0.0973923 1.21644e-15)
(0.398438 -0.115199 1.19868e-15)
(0.433946 -0.13515 1.15876e-15)
(0.474404 -0.157256 1.11369e-15)
(0.520075 -0.181267 1.07885e-15)
(0.571072 -0.20644 1.04858e-15)
(0.627663 -0.231078 1.03548e-15)
(0.689157 -0.251987 1.04036e-15)
(0.756492 -0.262941 1.03915e-15)
(0.82054 -0.255481 7.67025e-16)
(0.892 -0.218177 5.58011e-16)
(0.539502 0.161535 2.32457e-16)
(0.473956 0.188024 3.30813e-16)
(0.438729 0.18553 4.33841e-16)
(0.402507 0.169248 5.63603e-16)
(0.37378 0.147735 7.616e-16)
(0.34851 0.125715 8.05464e-16)
(0.326839 0.105026 9.64091e-16)
(0.308132 0.0864554 9.98888e-16)
(0.292227 0.070134 1.10439e-15)
(0.278921 0.0559257 1.30689e-15)
(0.268068 0.0435548 1.378e-15)
(0.259533 0.032709 1.50599e-15)
(0.253202 0.0230598 1.41972e-15)
(0.248985 0.0142914 1.32412e-15)
(0.24683 0.00609859 1.34284e-15)
(0.246723 -0.00179784 1.24475e-15)
(0.24869 -0.00967002 1.29198e-15)
(0.252807 -0.0177697 1.20155e-15)
(0.259191 -0.0263415 1.15249e-15)
(0.268 -0.0356146 1.13316e-15)
(0.279428 -0.0458193 1.14799e-15)
(0.293698 -0.0571757 1.17408e-15)
(0.311046 -0.0699027 1.19482e-15)
(0.331719 -0.0842125 1.2109e-15)
(0.355961 -0.100314 1.19317e-15)
(0.383982 -0.118378 1.19294e-15)
(0.415953 -0.138524 1.14591e-15)
(0.451975 -0.160741 1.09373e-15)
(0.492091 -0.184774 1.05085e-15)
(0.536169 -0.2099 1.01981e-15)
(0.584206 -0.234486 1.00151e-15)
(0.635413 -0.255447 9.98848e-16)
(0.690759 -0.266432 9.52761e-16)
(0.742072 -0.25856 7.19799e-16)
(0.800375 -0.217928 4.90546e-16)
(0.473179 0.164728 2.32419e-16)
(0.415856 0.190144 3.09213e-16)
(0.392497 0.185175 4.05047e-16)
(0.366468 0.168237 5.43187e-16)
(0.345871 0.146717 8.32832e-16)
(0.326962 0.125041 8.33012e-16)
(0.310172 0.104738 1.05548e-15)
(0.295205 0.0864871 1.03461e-15)
(0.282149 0.0703816 1.13847e-15)
(0.271003 0.0562872 1.39509e-15)
(0.261772 0.0439451 1.39961e-15)
(0.254433 0.0330605 1.51673e-15)
(0.248956 0.0233217 1.43179e-15)
(0.245315 0.0144252 1.31302e-15)
(0.243499 0.00607503 1.39226e-15)
(0.243522 -0.00200317 1.23533e-15)
(0.245431 -0.0100774 1.34521e-15)
(0.249304 -0.0183979 1.19905e-15)
(0.255256 -0.0272064 1.14036e-15)
(0.26343 -0.0367297 1.11836e-15)
(0.273997 -0.0471926 1.13769e-15)
(0.287144 -0.0588082 1.17287e-15)
(0.303057 -0.0717826 1.19699e-15)
(0.321917 -0.0863127 1.20767e-15)
(0.343879 -0.102584 1.85602e-15)
(0.369041 -0.120744 1.19483e-15)
(0.397426 -0.140877 1.13658e-15)
(0.428951 -0.162942 1.07986e-15)
(0.463414 -0.18666 1.03502e-15)
(0.500392 -0.211318 9.98195e-16)
(0.539519 -0.235345 9.78729e-16)
(0.579757 -0.255805 9.70284e-16)
(0.621851 -0.266359 9.09684e-16)
(0.658694 -0.257842 6.7486e-16)
(0.701209 -0.213415 4.36918e-16)
(0.400632 0.164953 2.1884e-16)
(0.354875 0.189031 2.83644e-16)
(0.345182 0.181606 3.78595e-16)
(0.330287 0.164705 5.08619e-16)
(0.318049 0.143814 7.66133e-16)
(0.305518 0.122966 8.34248e-16)
(0.293545 0.103404 9.98827e-16)
(0.282247 0.0857322 1.05883e-15)
(0.27198 0.070037 1.16037e-15)
(0.262951 0.0562036 1.33735e-15)
(0.25531 0.0440052 1.41008e-15)
(0.249146 0.0331721 1.5572e-15)
(0.24451 0.0234185 1.45338e-15)
(0.241434 0.0144554 1.28822e-15)
(0.239948 0.00600256 1.29685e-15)
(0.240095 -0.00220862 1.20005e-15)
(0.241935 -0.0104374 1.25487e-15)
(0.245553 -0.018932 1.19048e-15)
(0.251059 -0.0279269 1.13075e-15)
(0.258583 -0.0376466 1.10639e-15)
(0.268272 -0.0483055 1.13265e-15)
(0.280277 -0.0601085 1.17826e-15)
(0.294736 -0.0732434 1.204e-15)
(0.311764 -0.0878891 1.21559e-15)
(0.33143 -0.104201 1.19933e-15)
(0.35372 -0.122294 1.20455e-15)
(0.378511 -0.142208 1.13434e-15)
(0.405528 -0.163858 1.07011e-15)
(0.434312 -0.186918 1.02394e-15)
(0.464112 -0.21066 9.83333e-16)
(0.4941 -0.23355 9.57752e-16)
(0.522806 -0.252823 9.5356e-16)
(0.550368 -0.262291 8.94016e-16)
(0.570696 -0.252831 6.4335e-16)
(0.594021 -0.204505 3.95757e-16)
(0.321486 0.16106 2.0504e-16)
(0.29192 0.183783 2.62981e-16)
(0.29766 0.174389 3.49916e-16)
(0.294663 0.158506 4.61028e-16)
(0.290777 0.139001 7.25238e-16)
(0.284477 0.119492 8.34012e-16)
(0.277157 0.101024 9.58713e-16)
(0.269392 0.0841834 1.07993e-15)
(0.261813 0.0690846 1.18053e-15)
(0.254827 0.0556542 1.30013e-15)
(0.248727 0.0437103 1.4179e-15)
(0.243705 0.0330175 1.63224e-15)
(0.239886 0.0233215 1.48724e-15)
(0.237359 0.0143532 1.25208e-15)
(0.236192 0.00585053 1.22664e-15)
(0.236452 -0.00244548 1.15213e-15)
(0.238213 -0.0107837 1.18846e-15)
(0.241566 -0.0194077 1.18761e-15)
(0.246615 -0.0285433 1.1231e-15)
(0.253478 -0.0384095 1.09409e-15)
(0.262276 -0.0492089 1.13197e-15)
(0.273129 -0.0611344 1.19044e-15)
(0.286126 -0.0743529 1.2155e-15)
(0.301318 -0.0890198 1.2248e-15)
(0.318692 -0.105255 1.23103e-15)
(0.338124 -0.123133 1.21922e-15)
(0.359349 -0.142637 1.13752e-15)
(0.381902 -0.163622 1.06622e-15)
(0.405062 -0.185686 1.01784e-15)
(0.427723 -0.208045 9.6918e-16)
(0.448512 -0.229149 9.32319e-16)
(0.46532 -0.246342 9.4954e-16)
(0.4771 -0.253702 9.04882e-16)
(0.478321 -0.242683 6.08531e-16)
(0.47801 -0.191174 3.62038e-16)
(0.235246 0.148226 2.04591e-16)
(0.22851 0.171667 2.4258e-16)
(0.251125 0.162748 3.23474e-16)
(0.260393 0.149312 4.05154e-16)
(0.26454 0.132037 7.03345e-16)
(0.264135 0.114374 8.30398e-16)
(0.261196 0.0973422 9.26692e-16)
(0.256766 0.0815806 1.10659e-15)
(0.251735 0.0672674 1.2005e-15)
(0.246695 0.0543904 1.271e-15)
(0.242068 0.0428208 1.4206e-15)
(0.238141 0.0323668 1.7525e-15)
(0.235109 0.0228073 1.5355e-15)
(0.233108 0.013899 1.2063e-15)
(0.232243 0.00539807 1.1779e-15)
(0.232603 -0.00294045 1.09469e-15)
(0.234275 -0.0113555 1.13378e-15)
(0.237353 -0.020082 1.19759e-15)
(0.241936 -0.0293377 1.11727e-15)
(0.248129 -0.0393317 1.08015e-15)
(0.256031 -0.0502544 1.13466e-15)
(0.265727 -0.0622817 1.21271e-15)
(0.277263 -0.0755575 1.23529e-15)
(0.29063 -0.0902068 1.23485e-15)
(0.305733 -0.106309 1.2503e-15)
(0.322348 -0.123885 1.23798e-15)
(0.340073 -0.142848 1.14011e-15)
(0.358263 -0.162962 1.06428e-15)
(0.375942 -0.18371 1.01842e-15)
(0.391645 -0.204167 9.54868e-16)
(0.403399 -0.222643 9.07321e-16)
(0.408267 -0.236343 9.60645e-16)
(0.40322 -0.239488 9.47993e-16)
(0.381872 -0.223583 5.63953e-16)
(0.351914 -0.164356 3.23321e-16)
(1.70078 -0.00418981 -3.43652e-16)
(1.6661 0.000369708 1.06242e-15)
(1.6688 0.00109049 1.73185e-16)
(1.588 0.00143212 -9.45733e-16)
(1.56096 0.00126135 -1.02031e-16)
(1.49832 0.00133557 2.77913e-17)
(1.4644 0.00121605 4.16837e-17)
(1.41371 0.00123792 2.74945e-16)
(1.37804 0.00116044 1.80601e-16)
(1.33496 0.00115709 -6.21454e-18)
(1.29991 0.00110325 1.66865e-16)
(1.26202 0.00108764 5.70183e-17)
(1.22865 0.00104714 3.83014e-16)
(1.19461 0.00102637 1.70661e-16)
(1.16331 0.000993724 9.06217e-17)
(1.1323 0.000971224 3.75244e-16)
(1.10314 0.000943378 2.59213e-16)
(1.07468 0.00092097 8.96847e-17)
(1.04758 0.000896536 1.04836e-16)
(1.02131 0.000874861 -8.18159e-17)
(0.996135 0.000852662 -3.48781e-17)
(0.971803 0.000832257 3.10222e-16)
(0.948402 0.000812016 -1.39304e-16)
(0.925798 0.000792763 -7.13797e-17)
(0.904025 0.00077405 -3.85158e-17)
(0.882981 0.000755981 1.01299e-16)
(0.862699 0.00073884 5.38385e-17)
(0.843056 0.000721665 1.92157e-16)
(0.824153 0.000705977 4.45221e-17)
(0.805767 0.000689386 -2.40833e-17)
(0.78816 0.000675716 1.26242e-16)
(0.770857 0.000658724 1.4948e-16)
(0.754531 0.000648218 -2.18871e-18)
(0.738075 0.000628396 -1.13071e-17)
(0.723166 0.000624088 1.73236e-17)
(0.707135 0.000594258 4.66774e-17)
(0.6942 0.000596832 -1.86779e-17)
(0.678041 0.000526006 8.29437e-18)
(0.66927 0.000491352 -2.99368e-17)
(0.654251 0.000332003 -8.31599e-18)
(1.70228 -0.0109402 -1.07048e-15)
(1.66652 0.000919918 3.19318e-15)
(1.66904 0.00292128 4.65831e-16)
(1.58816 0.00373263 -2.20489e-16)
(1.56113 0.00334592 -2.38182e-16)
(1.49846 0.00349518 4.89114e-17)
(1.46456 0.0032141 1.03612e-16)
(1.41385 0.00324746 8.57458e-16)
(1.3782 0.00306098 5.0136e-16)
(1.33509 0.00303966 -2.77969e-17)
(1.30005 0.00290689 4.59626e-16)
(1.26215 0.00285947 1.78622e-16)
(1.22879 0.00275741 1.0419e-15)
(1.19473 0.00269955 3.80904e-16)
(1.16343 0.00261587 2.46254e-16)
(1.13242 0.00255512 1.03972e-15)
(1.10326 0.00248289 7.25784e-16)
(1.0748 0.00242321 2.43196e-16)
(1.0477 0.00235936 2.87503e-16)
(1.02142 0.00230202 -2.54518e-16)
(0.996245 0.00224383 3.41464e-16)
(0.971909 0.00218996 7.72955e-16)
(0.948507 0.00213678 2.54342e-17)
(0.9259 0.00208607 3.00888e-16)
(0.904126 0.00203684 -1.14628e-16)
(0.883079 0.00198933 2.70293e-16)
(0.862796 0.00194412 2.04648e-16)
(0.84315 0.00189907 3.11688e-16)
(0.824246 0.00185755 9.59619e-17)
(0.805857 0.00181427 -7.35876e-17)
(0.788249 0.0017777 1.75866e-16)
(0.770944 0.00173389 2.27944e-17)
(0.754617 0.00170477 -3.3575e-17)
(0.738158 0.001655 -4.66281e-17)
(0.723249 0.00163981 4.26678e-17)
(0.707214 0.00156749 8.31873e-17)
(0.69428 0.00156453 3.39943e-17)
(0.678105 0.00139407 2.80679e-17)
(0.669327 0.00127903 9.13498e-18)
(0.654239 0.000895356 -9.54442e-18)
(1.69425 -0.0171887 -1.79046e-15)
(1.65637 0.00137911 3.44557e-15)
(1.65863 0.00474555 7.04635e-16)
(1.57804 0.0058509 -9.75265e-17)
(1.55128 0.00536264 -3.015e-16)
(1.48893 0.0055064 4.17782e-17)
(1.45531 0.00512781 1.31708e-15)
(1.40487 0.00513193 1.46492e-15)
(1.36948 0.00487131 8.24652e-16)
(1.32662 0.00481226 -4.60024e-17)
(1.29183 0.00461959 1.17333e-16)
(1.25415 0.00453152 3.59988e-16)
(1.22101 0.00437872 1.01421e-15)
(1.18716 0.00428053 1.69433e-15)
(1.15607 0.00415221 3.96468e-16)
(1.12525 0.00405269 1.71138e-15)
(1.09628 0.00394029 8.77079e-16)
(1.06799 0.00384413 3.90443e-16)
(1.04106 0.00374379 1.35112e-16)
(1.01495 0.00365214 -1.41342e-16)
(0.989939 0.0035603 7.25756e-16)
(0.965757 0.00347453 9.40186e-16)
(0.942504 0.00339031 9.81736e-17)
(0.920039 0.00330977 -6.59518e-18)
(0.898404 0.00323167 1.41923e-16)
(0.877491 0.00315637 2.92699e-16)
(0.857337 0.00308446 1.78024e-16)
(0.837815 0.00301326 2.72538e-16)
(0.819031 0.00294693 1.32823e-16)
(0.800759 0.00287903 -1.22628e-16)
(0.783263 0.00281976 2.46741e-16)
(0.766067 0.00275216 1.83994e-17)
(0.749845 0.00270297 -6.23151e-17)
(0.733488 0.00262883 6.75129e-17)
(0.718678 0.00259701 -6.45062e-17)
(0.702736 0.00249477 5.10062e-17)
(0.689891 0.00247085 9.56023e-17)
(0.673786 0.00223269 3.36104e-17)
(0.665055 0.00200358 1.94695e-18)
(0.64992 0.00146544 3.30941e-18)
(1.67752 -0.0234609 -1.65484e-15)
(1.63652 0.00189529 3.17097e-15)
(1.63844 0.00660257 9.56055e-16)
(1.55847 0.0079779 1.12713e-17)
(1.53222 0.00739469 -3.43862e-16)
(1.47049 0.00752547 4.0796e-17)
(1.43739 0.00705403 -2.3806e-16)
(1.3875 0.00702495 -2.37111e-17)
(1.3526 0.00669266 1.81442e-15)
(1.31024 0.00659367 -8.49204e-17)
(1.2759 0.00634212 -1.23597e-16)
(1.23867 0.00621223 1.17258e-16)
(1.20595 0.00600913 1.75628e-15)
(1.17251 0.00586996 7.28553e-16)
(1.14181 0.00569707 5.41624e-16)
(1.11137 0.00555834 1.93836e-15)
(1.08276 0.0054057 1.07694e-15)
(1.05482 0.00527279 3.03211e-16)
(1.02823 0.00513586 2.21133e-17)
(1.00244 0.00500962 -7.30375e-17)
(0.977734 0.00488405 8.62337e-16)
(0.953849 0.00476616 9.07371e-16)
(0.930885 0.00465073 6.93671e-16)
(0.908697 0.00454023 -4.53525e-16)
(0.887329 0.00443311 3.5241e-16)
(0.866674 0.00432985 2.18966e-16)
(0.846769 0.00423115 1.68924e-16)
(0.827488 0.00413364 1.58777e-16)
(0.808937 0.00404232 1.6449e-16)
(0.790889 0.00394974 -1.62826e-16)
(0.773611 0.00386757 -5.184e-17)
(0.756625 0.00377619 -1.47386e-17)
(0.740606 0.00370661 -8.09499e-17)
(0.724447 0.00360831 -2.36122e-16)
(0.709826 0.0035593 4.84859e-17)
(0.694069 0.00342797 4.13634e-17)
(0.681393 0.00338238 2.59593e-17)
(0.665437 0.00307944 3.0261e-17)
(0.656804 0.00273556 2.04059e-17)
(0.641634 0.0020463 1.37674e-17)
(1.65253 -0.0294753 -1.71074e-15)
(1.60744 0.00248727 2.40663e-15)
(1.60894 0.00839742 1.22406e-15)
(1.52993 0.0100211 8.71691e-17)
(1.50439 0.00933773 -1.26016e-16)
(1.44361 0.00945976 7.59139e-16)
(1.41125 0.00889639 -5.59565e-16)
(1.36217 0.00883772 3.12485e-16)
(1.32798 0.00843526 2.45373e-16)
(1.28634 0.00829915 -1.42882e-16)
(1.25267 0.00799044 -3.75152e-16)
(1.21608 0.00782109 2.14683e-16)
(1.18399 0.00756952 4.78717e-16)
(1.15114 0.00739134 8.24374e-16)
(1.12101 0.00717564 6.96695e-16)
(1.09112 0.00699949 2.14777e-15)
(1.06304 0.00680829 1.27494e-15)
(1.0356 0.00664024 4.23132e-16)
(1.0095 0.00646821 -5.78091e-17)
(0.984175 0.00630895 -2.51267e-17)
(0.959925 0.00615103 8.66682e-16)
(0.936475 0.00600252 1.28472e-15)
(0.91393 0.00585715 1.9011e-16)
(0.892146 0.00571783 5.34098e-16)
(0.871169 0.00558312 3.62348e-16)
(0.85089 0.0054531 9.78101e-17)
(0.831349 0.00532859 1.55375e-16)
(0.812419 0.00520607 7.90512e-17)
(0.794207 0.00509084 1.94481e-16)
(0.776487 0.00497445 1.44094e-16)
(0.759526 0.00487056 1.35543e-16)
(0.742847 0.00475631 -5.82435e-17)
(0.727124 0.00466739 -1.08603e-16)
(0.711254 0.0045456 -1.27358e-16)
(0.696908 0.00448073 -7.4333e-18)
(0.681423 0.00432115 3.13437e-17)
(0.668993 0.00425675 2.68756e-17)
(0.653259 0.00389204 3.14556e-17)
(0.644775 0.00344547 3.68419e-17)
(0.629581 0.00260757 2.20958e-17)
(1.61936 -0.0350753 -1.31326e-15)
(1.56935 0.0031621 2.0145e-15)
(1.57039 0.0100879 8.19931e-16)
(1.49266 0.0119258 1.37038e-16)
(1.46804 0.0111402 8.97143e-17)
(1.4085 0.011257 1.49298e-17)
(1.37709 0.0106056 -8.29294e-16)
(1.32909 0.0105216 -2.12752e-16)
(1.29582 0.0100521 1.93484e-16)
(1.25512 0.00988297 -1.91738e-16)
(1.22231 0.00952051 -6.3515e-16)
(1.18659 0.00931494 3.43403e-16)
(1.15529 0.00901806 3.53467e-16)
(1.12323 0.00880389 1.50211e-15)
(1.09384 0.00854805 3.79537e-16)
(1.06467 0.00833753 1.8294e-15)
(1.03727 0.00811047 1.48593e-15)
(1.0105 0.00790977 3.95341e-16)
(0.98503 0.00770517 -6.231e-16)
(0.960322 0.0075153 1.54401e-16)
(0.936661 0.00732713 7.90016e-16)
(0.913779 0.00715036 7.31112e-16)
(0.891782 0.00697719 2.04514e-16)
(0.870527 0.00681124 5.25384e-16)
(0.850059 0.00665077 3.98301e-16)
(0.830272 0.00649592 -2.52233e-16)
(0.811205 0.0063474 1.49448e-16)
(0.792734 0.00620171 1.89347e-17)
(0.774964 0.00606433 1.54124e-16)
(0.757674 0.00592587 -1.64514e-17)
(0.741125 0.00580176 7.93096e-17)
(0.724849 0.00566619 1.87284e-16)
(0.709512 0.00555938 -6.94948e-17)
(0.69402 0.00541576 -1.14382e-16)
(0.680032 0.00533658 7.09768e-17)
(0.664902 0.00515038 2.5325e-17)
(0.652793 0.0050709 2.65478e-17)
(0.637358 0.00464947 3.29481e-17)
(0.629071 0.00411608 3.7413e-17)
(0.613867 0.00313704 2.68577e-17)
(1.57797 -0.0401496 -1.09001e-15)
(1.52234 0.00392388 1.00172e-15)
(1.52288 0.0116441 5.28873e-16)
(1.44679 0.0136527 1.81752e-16)
(1.42329 0.012766 3.18638e-16)
(1.36529 0.0128799 -5.85645e-16)
(1.33505 0.0121471 -1.07252e-15)
(1.28837 0.0120415 -4.49049e-16)
(1.25622 0.0115108 1.7236e-16)
(1.2167 0.0113124 -2.44589e-16)
(1.18494 0.0109009 -5.43338e-16)
(1.15028 0.0106631 2.72968e-16)
(1.11997 0.010325 2.18969e-16)
(1.08887 0.0100786 1.26807e-15)
(1.0604 0.00978656 7.00462e-16)
(1.0321 0.00954499 1.86106e-15)
(1.00555 0.00928544 1.70475e-15)
(0.979597 0.00905538 2.55186e-16)
(0.954911 0.00882135 -1.39761e-16)
(0.930957 0.0086039 1.9084e-16)
(0.908022 0.00838861 7.5265e-16)
(0.885839 0.00818611 7.11022e-16)
(0.864517 0.00798787 1.97525e-16)
(0.843911 0.00779799 7.361e-17)
(0.824071 0.00761419 4.45018e-16)
(0.804889 0.00743695 -7.43295e-17)
(0.786406 0.00726696 9.23287e-17)
(0.768499 0.0071 -3.76185e-17)
(0.751275 0.00694281 7.37749e-17)
(0.734512 0.00678451 -2.62912e-17)
(0.718473 0.0066421 4.03088e-17)
(0.702691 0.00648722 -1.32562e-17)
(0.687829 0.00636451 -4.9083e-17)
(0.672802 0.00620095 -8.30663e-17)
(0.659256 0.00610925 -4.44102e-17)
(0.644564 0.00589881 2.73818e-17)
(0.63285 0.00580827 2.50309e-17)
(0.617788 0.00533699 8.59397e-17)
(0.60975 0.00473536 4.61812e-17)
(0.594556 0.00362632 2.95085e-17)
(1.5282 -0.0445937 -9.65364e-16)
(1.46643 0.00477119 1.30494e-15)
(1.46647 0.0130358 2.89883e-16)
(1.39239 0.0151653 2.25159e-16)
(1.3702 0.014181 1.32137e-16)
(1.31405 0.014294 5.52954e-17)
(1.28517 0.0134885 -1.29457e-15)
(1.24007 0.0133654 -4.85808e-16)
(1.20925 0.0127811 -3.77441e-17)
(1.17112 0.0125573 -3.03213e-16)
(1.14062 0.0121024 -5.17846e-16)
(1.10721 0.0118371 2.47923e-16)
(1.07807 0.0114629 9.26837e-17)
(1.04811 0.0111887 2.68834e-16)
(1.02072 0.0108651 9.74781e-16)
(0.993476 0.0105964 2.10283e-15)
(0.967929 0.0103085 1.61174e-15)
(0.942941 0.0100532 2.18724e-16)
(0.919183 0.00979325 -4.90228e-17)
(0.896124 0.00955181 2.32567e-16)
(0.87405 0.00931303 6.42046e-16)
(0.852697 0.00908804 5.84795e-16)
(0.832174 0.00886799 -1.0152e-16)
(0.81234 0.00865713 4.55654e-16)
(0.793243 0.00845319 4.08109e-16)
(0.774779 0.00825645 -9.33607e-18)
(0.756989 0.00806791 4.50135e-17)
(0.739753 0.00788236 -1.42882e-16)
(0.723174 0.00770781 -4.0267e-17)
(0.707037 0.00753212 -8.49282e-17)
(0.691601 0.00737395 8.83178e-17)
(0.676406 0.00720216 1.02126e-17)
(0.662107 0.00706585 -7.66711e-18)
(0.647632 0.00688452 -5.45668e-17)
(0.634609 0.00678255 -4.36375e-17)
(0.620439 0.00655085 4.12071e-18)
(0.609194 0.00645334 2.66291e-17)
(0.594582 0.00594046 4.06565e-17)
(0.586846 0.00529167 5.0099e-17)
(0.571691 0.00406689 3.28378e-17)
(1.46981 -0.0483009 -9.21689e-16)
(1.40161 0.00569393 1.27629e-15)
(1.40118 0.0142307 8.52909e-17)
(1.32951 0.0164261 2.63739e-16)
(1.3088 0.0153508 -1.26515e-17)
(1.2548 0.0154647 -1.32807e-16)
(1.22749 0.0145976 -1.41943e-15)
(1.18424 0.0144611 -4.5112e-16)
(1.15494 0.0138308 -2.21394e-16)
(1.11843 0.0135874 -3.61212e-16)
(1.08937 0.0130965 -5.35684e-16)
(1.05741 0.0128084 2.51814e-16)
(1.02962 0.0124041 -3.82444e-17)
(1.00098 0.0121069 2.89312e-16)
(0.974843 0.0117573 8.06684e-17)
(0.948814 0.0114662 2.27575e-15)
(0.924424 0.0111547 1.55394e-15)
(0.900555 0.0108785 1.83934e-16)
(0.87787 0.0105974 2.6094e-16)
(0.855846 0.010336 2.66744e-16)
(0.834767 0.0100776 5.61773e-16)
(0.814374 0.00983419 4.85202e-16)
(0.794775 0.0095963 2.59495e-16)
(0.775832 0.0093679 1.03505e-16)
(0.757595 0.00914726 3.88246e-16)
(0.739961 0.00893437 -2.14899e-16)
(0.722973 0.00873051 1.10537e-17)
(0.706511 0.00852967 -2.04848e-16)
(0.69068 0.0083407 -9.17672e-17)
(0.675267 0.00815063 -7.77756e-17)
(0.660528 0.00797959 9.13341e-17)
(0.646012 0.00779355 -1.42224e-16)
(0.632363 0.00764611 5.60745e-18)
(0.618528 0.00744989 -3.51816e-17)
(0.606108 0.00734019 -4.3721e-17)
(0.592543 0.00709036 -1.81858e-17)
(0.581839 0.00699053 2.76462e-17)
(0.567758 0.00644532 4.48136e-17)
(0.560378 0.00577262 5.03912e-17)
(0.545303 0.00444969 3.27889e-17)
(1.40246 -0.0511609 -9.28178e-16)
(1.32785 0.00667165 9.85982e-16)
(1.32699 0.0151925 -1.22841e-16)
(1.25816 0.0173978 2.96434e-16)
(1.23909 0.016241 -1.25618e-16)
(1.18759 0.0163578 -2.99149e-16)
(1.16203 0.0154409 -1.36534e-15)
(1.12088 0.015296 -5.3943e-16)
(1.09329 0.0146299 -4.05164e-16)
(1.05863 0.0143721 -4.17853e-16)
(1.0312 0.0138534 -5.7651e-16)
(1.0009 0.0135482 2.78348e-16)
(0.974626 0.0131207 -1.83959e-16)
(0.947501 0.0128066 2.86012e-16)
(0.922776 0.0124366 3.0643e-16)
(0.898126 0.0121286 1.77104e-15)
(0.875049 0.0117994 1.49511e-15)
(0.85245 0.0115069 -9.90518e-17)
(0.830982 0.01121 7.74547e-17)
(0.810133 0.0109332 2.25845e-16)
(0.790182 0.0106599 4.17961e-16)
(0.770878 0.0104026 4.05936e-16)
(0.752328 0.0101509 2.40569e-16)
(0.734399 0.00990941 1.07335e-16)
(0.717137 0.00967586 3.04876e-16)
(0.700444 0.00945066 -2.51508e-16)
(0.684365 0.00923517 -1.32294e-17)
(0.668782 0.00902254 -1.2108e-16)
(0.653799 0.00882295 -9.7413e-17)
(0.639207 0.00862166 -5.85597e-17)
(0.625259 0.00844087 9.59874e-17)
(0.611515 0.00824406 1.98924e-17)
(0.598603 0.00808825 2.13244e-17)
(0.585494 0.00788029 -2.01755e-18)
(0.573758 0.00776561 -2.4367e-17)
(0.560883 0.00750137 4.14281e-17)
(0.550792 0.00740402 2.91891e-17)
(0.537327 0.00683658 4.62188e-17)
(0.53036 0.00616471 5.14335e-17)
(0.515421 0.00476495 3.25738e-17)
(1.32577 -0.0530587 -9.84729e-16)
(1.24508 0.0076714 7.623e-16)
(1.24388 0.0158829 -4.46378e-17)
(1.17837 0.0180413 3.2519e-16)
(1.16108 0.0168172 -2.1691e-16)
(1.1124 0.0169379 -4.42268e-16)
(1.08877 0.0159859 -1.32413e-15)
(1.05 0.0158381 -6.0135e-16)
(1.02431 0.015147 -5.95176e-16)
(0.991733 0.0148812 -4.72516e-16)
(0.966116 0.0143431 -6.31876e-16)
(0.937676 0.0140281 3.24743e-16)
(0.913101 0.0135848 -3.56369e-16)
(0.887663 0.0132602 2.70633e-16)
(0.86452 0.0128764 3.83013e-16)
(0.841414 0.0125581 1.39348e-15)
(0.819805 0.0122173 1.17512e-15)
(0.798628 0.0119141 2.54758e-16)
(0.778521 0.011607 2.80049e-16)
(0.758986 0.0113202 1.92466e-16)
(0.740298 0.0110375 2.9508e-16)
(0.722213 0.0107709 3.49917e-16)
(0.704836 0.0105103 2.25471e-16)
(0.688038 0.0102603 8.97325e-17)
(0.671868 0.0100187 2.42404e-16)
(0.656229 0.00978526 -2.59457e-16)
(0.641166 0.0095624 -6.50607e-17)
(0.626567 0.00934194 -2.70127e-16)
(0.612532 0.00913567 -6.55566e-17)
(0.59886 0.00892694 -5.67229e-17)
(0.585797 0.00874 4.73097e-17)
(0.572914 0.00853592 1.21645e-17)
(0.560828 0.00837519 3.48611e-17)
(0.548533 0.00815914 4.59692e-17)
(0.53756 0.00804203 -7.34162e-18)
(0.525459 0.00776813 -2.59259e-17)
(0.516054 0.0076774 2.45536e-17)
(0.503293 0.00709904 4.39252e-17)
(0.496797 0.00645339 5.36173e-17)
(0.48207 0.00500178 3.25888e-17)
(1.23925 -0.0538814 -5.47636e-16)
(1.15324 0.00864476 5.91592e-16)
(1.15182 0.0162626 -1.63519e-17)
(1.09014 0.0183166 8.75709e-16)
(1.07476 0.017045 -8.32387e-16)
(1.02925 0.0171697 -5.68466e-16)
(1.00771 0.016201 -1.17331e-15)
(0.971596 0.0160538 -6.46361e-16)
(0.948 0.0153513 -2.64817e-16)
(0.917731 0.0150839 -3.94526e-16)
(0.894111 0.0145367 -5.60909e-16)
(0.867732 0.014219 2.58169e-16)
(0.845035 0.0137689 -3.4554e-16)
(0.821465 0.0134401 2.56667e-16)
(0.800069 0.0130512 4.43826e-16)
(0.778674 0.0127288 1.24194e-15)
(0.758687 0.0123828 1.33546e-15)
(0.739084 0.012076 2.44983e-16)
(0.720482 0.0117647 3.78475e-16)
(0.702401 0.0114738 2.25171e-16)
(0.68511 0.0111875 1.90965e-16)
(0.668373 0.0109172 2.02819e-16)
(0.652293 0.0106531 2.11612e-16)
(0.636747 0.0103996 5.84136e-17)
(0.621784 0.010155 1.97617e-16)
(0.607312 0.00991809 -2.64913e-16)
(0.593373 0.0096925 -7.3988e-17)
(0.579862 0.00946889 -2.42911e-16)
(0.566876 0.00925981 -6.53983e-17)
(0.554221 0.00904828 -5.22018e-17)
(0.542137 0.00885913 1.39546e-16)
(0.530208 0.00865159 7.88503e-18)
(0.519033 0.00848961 4.91574e-17)
(0.507641 0.00826965 7.39556e-17)
(0.49751 0.00815297 5.8765e-18)
(0.48627 0.00787448 -1.71438e-17)
(0.477619 0.00779437 2.1052e-17)
(0.465658 0.0072168 4.02544e-17)
(0.459693 0.006623 5.501e-17)
(0.445279 0.00514807 3.2114e-17)
(1.14235 -0.0535033 -4.8136e-16)
(1.05227 0.0095253 4.6293e-16)
(1.05075 0.0162871 -3.84511e-17)
(0.993469 0.0181833 2.8721e-16)
(0.980084 0.0168907 -2.47787e-16)
(0.938129 0.0170181 -5.5337e-16)
(0.918838 0.016053 -1.04599e-15)
(0.885671 0.0159109 -5.64655e-16)
(0.864334 0.0152117 -6.94995e-16)
(0.836616 0.0149492 -3.18727e-16)
(0.815173 0.0144054 -5.08811e-16)
(0.791063 0.0140916 2.1488e-16)
(0.770417 0.0136449 -2.65824e-16)
(0.7489 0.0133196 2.44761e-16)
(0.729416 0.0129336 4.91968e-16)
(0.709897 0.0126146 1.26024e-15)
(0.691687 0.0122714 1.02656e-15)
(0.673809 0.0119677 2.67586e-16)
(0.656856 0.0116593 4.03732e-16)
(0.64037 0.0113706 1.89999e-16)
(0.624608 0.0110872 1.52114e-16)
(0.609349 0.0108194 8.40922e-17)
(0.594692 0.0105575 -4.60037e-17)
(0.580519 0.0103065 1.57031e-17)
(0.566879 0.0100638 1.66993e-16)
(0.553685 0.00982917 -2.44641e-16)
(0.540978 0.00960576 -7.60329e-17)
(0.52866 0.00938405 -1.99642e-16)
(0.516823 0.00917691 -6.08222e-17)
(0.505283 0.00896704 -7.67247e-17)
(0.494271 0.00878002 1.92535e-17)
(0.48339 0.00857383 6.56705e-18)
(0.473213 0.00841415 6.43588e-17)
(0.462811 0.00819493 8.62058e-17)
(0.453601 0.00808181 1.47345e-17)
(0.443309 0.00780427 -7.12216e-17)
(0.435481 0.00773829 1.96902e-17)
(0.424422 0.00717383 4.17974e-17)
(0.419046 0.00665572 5.25884e-17)
(0.405078 0.00519016 3.00462e-17)
(1.03442 -0.0518043 -7.07805e-16)
(0.942111 0.0102284 3.63383e-16)
(0.940637 0.0159098 1.89779e-16)
(0.888364 0.0176014 2.1922e-16)
(0.87704 0.0163197 -2.02996e-16)
(0.839036 0.0164474 -5.3703e-16)
(0.822124 0.015509 -9.3572e-16)
(0.792208 0.0153766 -4.85762e-16)
(0.7733 0.0146972 -6.2845e-16)
(0.748378 0.0144465 -2.46093e-16)
(0.729287 0.013919 -4.7089e-16)
(0.707658 0.0136172 7.86796e-17)
(0.689233 0.0131846 -2.43368e-16)
(0.669955 0.0128712 2.34046e-16)
(0.652549 0.0124973 5.35124e-16)
(0.635072 0.0121898 1.0013e-15)
(0.618793 0.0118579 7.77321e-16)
(0.602793 0.0115646 2.49732e-16)
(0.587632 0.0112663 4.16967e-16)
(0.57288 0.0109874 1.55376e-16)
(0.558784 0.0107137 -1.18698e-16)
(0.545132 0.0104549 4.10297e-17)
(0.532021 0.010202 1.40224e-16)
(0.519343 0.00995928 -4.03459e-17)
(0.507141 0.00972487 1.49411e-16)
(0.495337 0.00949818 -2.2865e-16)
(0.483972 0.00928238 -7.43267e-17)
(0.472952 0.00906794 -1.6807e-16)
(0.462365 0.00886805 -5.59179e-17)
(0.452039 0.00866493 -7.18489e-17)
(0.442191 0.00848464 2.22436e-18)
(0.432451 0.00828483 3.83857e-18)
(0.423358 0.00813147 7.95509e-17)
(0.414036 0.00791822 9.97303e-17)
(0.405823 0.00781181 1.98264e-17)
(0.396571 0.00754145 -1.17207e-17)
(0.389631 0.00749178 2.02088e-17)
(0.379583 0.00695369 7.01206e-17)
(0.374854 0.00653171 4.68766e-17)
(0.361504 0.00511275 2.61524e-17)
(0.914724 -0.0486556 -6.30484e-17)
(0.822714 0.0106441 2.84662e-16)
(0.821414 0.0150825 2.463e-16)
(0.774832 0.0165297 1.25672e-16)
(0.765592 0.0152977 -1.59128e-16)
(0.731965 0.0154221 -5.20061e-16)
(0.717546 0.014537 -8.39664e-16)
(0.6912 0.0144176 -4.08241e-16)
(0.674878 0.0137772 -5.93578e-16)
(0.653008 0.0135446 -1.74639e-16)
(0.636439 0.013048 -4.47683e-16)
(0.617502 0.0127667 -3.68484e-17)
(0.601469 0.0123602 1.68905e-16)
(0.584616 0.012067 2.25452e-16)
(0.56945 0.0117162 5.78795e-16)
(0.554185 0.0114282 7.7967e-16)
(0.53999 0.0111167 5.90558e-16)
(0.526022 0.010842 2.19575e-16)
(0.512797 0.0105623 4.07017e-16)
(0.499922 0.0103011 1.20637e-16)
(0.487625 0.0100443 -3.08608e-17)
(0.47571 0.00980176 2.46153e-18)
(0.464271 0.00956462 8.19702e-17)
(0.453207 0.00933703 -1.80396e-17)
(0.442561 0.00911742 1.43678e-16)
(0.43226 0.00890476 -2.15521e-16)
(0.422344 0.00870262 -6.94646e-17)
(0.412726 0.00850136 -1.45008e-16)
(0.40349 0.00831414 -5.0644e-17)
(0.394476 0.00812361 -7.15202e-17)
(0.385888 0.00795488 -1.59677e-17)
(0.377382 0.00776709 1.92984e-18)
(0.369459 0.00762422 8.30508e-17)
(0.361306 0.00742271 1.01488e-16)
(0.354168 0.0073261 2.19455e-17)
(0.346049 0.00706998 -1.15076e-17)
(0.340058 0.00703783 3.62421e-17)
(0.331138 0.00653954 5.86602e-17)
(0.327108 0.0062288 4.09751e-17)
(0.3146 0.00489799 2.23339e-17)
(0.782396 -0.0439289 -4.25053e-16)
(0.694042 0.0106401 2.17839e-16)
(0.693038 0.0137557 2.31399e-16)
(0.652882 0.0149262 2.7377e-16)
(0.645701 0.0137921 -1.16158e-16)
(0.616912 0.0139073 -4.06588e-16)
(0.605079 0.0131053 -6.56166e-16)
(0.582637 0.0130009 -3.30258e-16)
(0.569043 0.0124209 -5.80983e-16)
(0.550487 0.0122132 -1.03056e-16)
(0.536604 0.0117644 -4.37175e-16)
(0.520581 0.0115114 -3.8023e-17)
(0.507106 0.0111444 -2.55254e-16)
(0.492868 0.0108803 -1.92001e-16)
(0.480105 0.0105641 4.92886e-16)
(0.467222 0.0103044 5.86035e-16)
(0.455264 0.0100233 4.37097e-16)
(0.443481 0.00977584 1.81311e-16)
(0.432337 0.00952379 3.46469e-16)
(0.421482 0.00928831 8.2504e-17)
(0.411118 0.0090566 -7.45191e-17)
(0.401071 0.00883796 -2.86207e-17)
(0.391428 0.00862413 2.54893e-17)
(0.382101 0.00841907 -6.97908e-18)
(0.373126 0.00822094 9.37562e-17)
(0.364441 0.00802913 -1.99169e-16)
(0.356082 0.00784709 -6.06121e-17)
(0.347972 0.00766532 -1.27907e-16)
(0.340187 0.00749694 -4.47457e-17)
(0.332586 0.00732473 -3.60291e-17)
(0.325349 0.00717295 -1.01883e-17)
(0.318172 0.00700312 2.65333e-18)
(0.311503 0.00687543 7.57563e-17)
(0.304613 0.00669196 1.05863e-16)
(0.298622 0.00660793 7.34297e-17)
(0.291732 0.0063742 -1.12856e-17)
(0.286748 0.00635908 6.04558e-18)
(0.279086 0.00591503 2.66268e-17)
(0.2758 0.00572203 2.21215e-17)
(0.264418 0.00452547 1.85514e-17)
(0.636476 -0.0374982 -3.87631e-16)
(0.556082 0.010045 1.59341e-16)
(0.555444 0.0118812 1.86466e-16)
(0.522523 0.0127487 2.14037e-16)
(0.517322 0.0117716 -7.67402e-17)
(0.493873 0.0118663 -2.99147e-16)
(0.484689 0.0111831 -4.89211e-16)
(0.466505 0.0110931 -2.54124e-16)
(0.455769 0.0105991 -4.9274e-16)
(0.440803 0.0104213 -2.75938e-17)
(0.429764 0.0100392 -3.45372e-16)
(0.41688 0.00982257 -3.15554e-17)
(0.406126 0.0095097 -2.85452e-16)
(0.394699 0.00928448 1.12015e-16)
(0.384498 0.00901454 4.15687e-16)
(0.374168 0.00879292 4.17726e-16)
(0.364602 0.00855332 3.06646e-16)
(0.35516 0.00834184 1.39766e-16)
(0.346239 0.00812691 2.44489e-16)
(0.337543 0.00792601 4.35365e-17)
(0.329246 0.00772817 1.15533e-16)
(0.321198 0.00754165 -2.02766e-16)
(0.313478 0.00735942 -3.16133e-17)
(0.306008 0.00718421 -1.95885e-16)
(0.298822 0.00701545 4.60764e-17)
(0.291867 0.00685142 -2.60382e-16)
(0.285173 0.00669637 -4.85768e-17)
(0.278677 0.00654111 -1.14965e-16)
(0.272446 0.00639758 -3.82892e-17)
(0.266355 0.00625036 -2.94364e-17)
(0.260564 0.00612128 -7.22454e-18)
(0.25481 0.00597567 3.86514e-18)
(0.249479 0.00586772 7.11588e-17)
(0.243946 0.00570984 9.15899e-17)
(0.239174 0.00564054 2.14315e-17)
(0.233614 0.00543879 -1.09512e-17)
(0.229687 0.0054376 2.90069e-18)
(0.223423 0.00506377 2.09143e-17)
(0.220911 0.00498217 2.69185e-17)
(0.211021 0.00397197 1.43643e-17)
(0.475879 -0.0292415 -3.90062e-16)
(0.408847 0.00863619 1.07391e-16)
(0.408574 0.00940156 1.21148e-16)
(0.38377 0.00994557 1.4943e-16)
(0.380408 0.00919905 -3.97537e-17)
(0.362845 0.00925397 -1.97141e-16)
(0.356335 0.00873342 -3.35691e-16)
(0.342797 0.00865466 -1.78934e-16)
(0.335033 0.00827523 -3.34762e-16)
(0.323945 0.00813218 -3.45718e-17)
(0.315897 0.00783691 -2.67201e-16)
(0.306381 0.00766567 -2.24435e-17)
(0.29851 0.00742308 -2.6355e-16)
(0.29009 0.00724651 3.80455e-16)
(0.282609 0.00703602 3.0467e-16)
(0.275005 0.00686297 8.81997e-17)
(0.267982 0.00667618 1.91144e-16)
(0.261038 0.00651094 9.74489e-17)
(0.254486 0.00634339 1.50411e-16)
(0.248093 0.0061865 6.22643e-18)
(0.241996 0.00603195 -8.09861e-17)
(0.23608 0.00588662 3.75343e-18)
(0.230407 0.00574434 -1.87112e-17)
(0.224917 0.00560743 -6.53589e-18)
(0.219636 0.00547592 -2.41219e-18)
(0.214523 0.0053478 -1.12523e-16)
(0.209605 0.00522689 -3.49711e-17)
(0.20483 0.0051057 -8.42135e-17)
(0.200251 0.0049935 -3.05141e-17)
(0.195772 0.00487877 -2.58096e-17)
(0.19152 0.004778 8.32419e-17)
(0.187285 0.00466431 7.00185e-18)
(0.183376 0.00458019 5.80519e-17)
(0.179295 0.00445666 6.34277e-17)
(0.17581 0.0044034 1.74493e-17)
(0.171688 0.0042457 -1.10474e-17)
(0.168859 0.00425145 -1.08355e-19)
(0.164148 0.00396732 1.48255e-17)
(0.162418 0.00397019 2.00216e-17)
(0.154482 0.00320617 1.0411e-17)
(0.299461 -0.0190511 -2.08565e-16)
(0.252386 0.00613915 6.14743e-17)
(0.252374 0.00622742 4.57502e-17)
(0.23665 0.00645563 8.62621e-17)
(0.234905 0.00601177 -6.46953e-18)
(0.223831 0.00601291 -1.00013e-16)
(0.219987 0.00569865 -1.9358e-16)
(0.211507 0.00562954 -1.05117e-16)
(0.206805 0.00539507 -1.91931e-16)
(0.199899 0.00529336 -3.6731e-17)
(0.194979 0.00510688 -1.99436e-16)
(0.189072 0.00499111 -1.25528e-17)
(0.184238 0.00483612 -1.3733e-16)
(0.179026 0.00471923 9.15735e-18)
(0.174422 0.00458357 1.91727e-16)
(0.169721 0.0044697 1.5211e-16)
(0.165392 0.00434877 8.62953e-17)
(0.161103 0.00424078 5.64517e-17)
(0.157063 0.00413201 6.30844e-17)
(0.153115 0.00402957 1.07222e-17)
(0.149354 0.00392905 -4.52012e-17)
(0.145702 0.00383427 -2.17611e-17)
(0.142202 0.00374177 -1.47003e-17)
(0.138814 0.00365257 -1.06675e-17)
(0.135555 0.00356674 1.48608e-16)
(0.132399 0.00348345 -6.50885e-17)
(0.129364 0.00340468 -2.10028e-17)
(0.126417 0.00332579 -3.66188e-17)
(0.123593 0.00325262 -4.21031e-17)
(0.120826 0.00317804 -3.68563e-18)
(0.118204 0.00311212 7.55412e-17)
(0.115588 0.00303861 -7.4233e-17)
(0.113182 0.00298317 4.65675e-17)
(0.110652 0.00290351 4.01158e-17)
(0.108519 0.00286781 1.37453e-18)
(0.105948 0.00276736 3.07582e-17)
(0.104246 0.00277125 1.84869e-17)
(0.10126 0.00259723 -1.2561e-17)
(0.100292 0.00263561 1.13937e-17)
(0.0948962 0.00217381 3.40886e-18)
(0.105935 -0.00702686 -6.1353e-17)
(0.0867782 0.00242558 1.92167e-17)
(0.0867831 0.00223953 -1.74133e-18)
(0.0811917 0.0022851 2.69204e-17)
(0.0807491 0.00213318 5.31312e-17)
(0.0768335 0.0021288 -7.44308e-18)
(0.0755962 0.00202096 -6.06506e-17)
(0.0726233 0.00199376 -3.33332e-17)
(0.0710506 0.00191267 -6.01182e-17)
(0.0686496 0.00187542 -3.59904e-17)
(0.0669818 0.00181009 -6.24779e-17)
(0.0649367 0.00176845 2.71404e-17)
(0.0632869 0.00171393 -3.97732e-17)
(0.0614888 0.00167232 2.87047e-18)
(0.0599145 0.0016245 6.95707e-17)
(0.0582953 0.00158379 4.68174e-17)
(0.0568105 0.00154124 2.69841e-17)
(0.0553362 0.00150281 1.77219e-17)
(0.0539499 0.00146437 1.97319e-17)
(0.0525933 0.001428 1.53981e-17)
(0.0513026 0.00139248 -1.37034e-17)
(0.0500474 0.00135872 -6.98785e-18)
(0.0488455 0.00132615 -1.5957e-17)
(0.0476825 0.00129443 -1.31795e-19)
(0.0465628 0.00126402 -7.06616e-18)
(0.0454782 0.00123449 -2.04886e-17)
(0.0444362 0.00120661 -6.67965e-18)
(0.0434236 0.00117863 -1.15371e-17)
(0.0424544 0.00115277 -2.11163e-17)
(0.041503 0.00112622 -1.18609e-18)
(0.0406034 0.00110296 -2.84322e-18)
(0.0397033 0.00107689 3.47333e-18)
(0.0388803 0.00105727 1.75526e-17)
(0.0380058 0.00102894 9.45015e-18)
(0.0372818 0.00101655 6.9436e-19)
(0.0363854 0.000980724 -3.78601e-18)
(0.0358227 0.000983779 -9.00317e-19)
(0.0347594 0.000923611 2.85316e-18)
(0.0344802 0.000958611 3.56349e-18)
(0.0323783 0.000801476 1.92872e-18)
(0.0347374 -0.0370375 -6.99957e-17)
(0.0156868 -0.0276174 -4.65589e-17)
(0.00924342 -0.0210566 -9.82754e-17)
(0.00670028 -0.0183681 -9.42371e-17)
(0.00512697 -0.0167842 -2.14815e-17)
(0.00382005 -0.0152193 1.7507e-17)
(0.00262838 -0.0126947 4.38875e-17)
(0.00225808 -0.00622217 -7.24765e-18)
(0.0106791 0.0171346 -9.23018e-17)
(0.0753147 0.0821494 2.108e-16)
(0.0512011 -0.0574182 -1.12534e-17)
(0.0342617 -0.0491468 -4.19587e-17)
(0.0258227 -0.04136 -9.3378e-17)
(0.0208548 -0.0350255 -2.45504e-17)
(0.0178599 -0.0281409 5.20799e-17)
(0.0170175 -0.0187153 1.25163e-16)
(0.0200261 -0.00382471 2.22179e-16)
(0.0314701 0.0218535 -3.07555e-17)
(0.0622364 0.066713 8.45136e-17)
(0.133913 0.132359 2.02051e-16)
(0.0626678 -0.0584251 1.13186e-17)
(0.0490243 -0.0522143 -5.87411e-19)
(0.0406334 -0.0443619 3.29091e-17)
(0.0358062 -0.0350712 4.52436e-17)
(0.0343698 -0.0229705 1.47887e-16)
(0.03747 -0.00621522 1.98317e-16)
(0.0478398 0.0175667 2.06202e-16)
(0.0703839 0.0508416 1.82268e-16)
(0.112569 0.0938486 2.36408e-16)
(0.182103 0.138748 2.75616e-16)
(0.0685347 -0.051582 -1.20947e-17)
(0.0592898 -0.0457877 4.10605e-17)
(0.053639 -0.0371951 2.35279e-16)
(0.051627 -0.0255358 2.6935e-16)
(0.0540045 -0.0099502 3.08355e-16)
(0.0623783 0.0105675 3.00051e-16)
(0.0792907 0.036817 2.80046e-16)
(0.108027 0.0685515 3.11965e-16)
(0.151666 0.10301 3.56395e-16)
(0.210378 0.13332 2.59815e-16)
(0.0722033 -0.041058 -5.89003e-18)
(0.0675793 -0.0348601 2.43261e-16)
(0.0658536 -0.0254397 4.47827e-16)
(0.0677899 -0.012464 4.64247e-16)
(0.0744755 0.00437382 4.88745e-16)
(0.0873776 0.0251928 3.63317e-16)
(0.108202 0.0495723 3.02596e-16)
(0.138446 0.0760421 5.27107e-16)
(0.178499 0.101601 7.62232e-16)
(0.226386 0.121512 6.73056e-16)
(0.0753986 -0.0294534 1.0886e-16)
(0.0751853 -0.0227195 2.63918e-16)
(0.0775415 -0.0128769 3.46927e-16)
(0.0834064 0.000258881 3.09596e-16)
(0.0937931 0.0165291 2.68384e-16)
(0.109734 0.0354524 4.25201e-16)
(0.132076 0.0560347 7.04723e-16)
(0.161109 0.076605 7.63903e-16)
(0.196054 0.0948068 8.55799e-16)
(0.234699 0.107587 8.23892e-16)
(0.078833 -0.0184529 2.39421e-16)
(0.0825403 -0.0114158 3.34416e-16)
(0.0885574 -0.0017042 4.07907e-16)
(0.0977245 0.0106637 4.53859e-16)
(0.110796 0.0252359 4.10118e-16)
(0.128347 0.0412576 4.51293e-16)
(0.150598 0.0576186 8.26785e-16)
(0.177201 0.0728841 9.14108e-16)
(0.207039 0.0854123 1.11477e-15)
(0.238217 0.0932068 8.49256e-16)
(0.0826932 -0.00901685 2.7921e-16)
(0.0896733 -0.00202762 4.41706e-16)
(0.0986651 0.00706665 5.05471e-16)
(0.110302 0.0180825 4.41099e-16)
(0.125049 0.0304394 4.3674e-16)
(0.14312 0.0433373 6.12435e-16)
(0.164364 0.0557842 7.04492e-16)
(0.188172 0.066691 1.023e-15)
(0.213443 0.0749795 1.30692e-15)
(0.238685 0.0792985 1.14484e-15)
(0.0869069 -0.00156096 3.61133e-16)
(0.0964664 0.00505385 4.49518e-16)
(0.107687 0.013196 5.5493e-16)
(0.120986 0.022584 7.07373e-16)
(0.136587 0.0326261 8.63411e-16)
(0.154459 0.0425983 8.47428e-16)
(0.174267 0.0517094 9.60265e-16)
(0.195352 0.059191 1.2747e-15)
(0.216762 0.0643598 1.39621e-15)
(0.237356 0.0662624 1.23094e-15)
(0.0912954 0.00386735 3.1971e-16)
(0.102778 0.009865 4.60716e-16)
(0.115549 0.0168773 6.27661e-16)
(0.129836 0.024581 7.81036e-16)
(0.145691 0.0324413 9.08312e-16)
(0.162945 0.0398636 8.11808e-16)
(0.1812 0.0462579 8.7084e-16)
(0.199842 0.0511109 9.918e-16)
(0.218096 0.054007 1.11787e-15)
(0.235102 0.0542443 1.20741e-15)
(0.0956607 0.00743863 3.86898e-16)
(0.108497 0.0126694 4.16146e-16)
(0.122255 0.018494 4.4814e-16)
(0.137021 0.0245892 5.91001e-16)
(0.152739 0.0305087 6.29957e-16)
(0.169173 0.0357927 5.23049e-16)
(0.185936 0.0400261 6.50729e-16)
(0.202497 0.0428848 7.28558e-16)
(0.218244 0.0441362 1.10886e-15)
(0.232534 0.0432355 1.3567e-15)
(0.0998286 0.00943031 2.78178e-16)
(0.113556 0.0138215 3.19755e-16)
(0.127866 0.0184773 3.62143e-16)
(0.142756 0.0231041 5.55383e-16)
(0.158105 0.027348 5.70117e-16)
(0.173671 0.0308737 5.66939e-16)
(0.189102 0.033404 5.95024e-16)
(0.203965 0.0347529 9.91608e-16)
(0.217783 0.034811 1.53858e-15)
(0.23008 0.0331344 1.79115e-15)
(0.103661 0.0101475 1.48097e-16)
(0.117921 0.0136791 2.71621e-16)
(0.13247 0.0172278 3.62892e-16)
(0.147255 0.0205436 5.26906e-16)
(0.162132 0.0233592 5.92183e-16)
(0.176874 0.0254431 6.32445e-16)
(0.191185 0.0266262 8.01583e-16)
(0.204723 0.0268212 1.17868e-15)
(0.217126 0.0260004 1.6312e-15)
(0.228039 0.0237855 1.69481e-15)
(0.107059 0.00987771 2.01695e-16)
(0.121588 0.0125604 3.48042e-16)
(0.136165 0.0150784 5.45622e-16)
(0.150715 0.0172299 6.19201e-16)
(0.1651 0.0188243 6.40678e-16)
(0.179126 0.0197137 5.53424e-16)
(0.192555 0.0198112 8.03965e-16)
(0.205125 0.0191006 1.15409e-15)
(0.216567 0.0176104 1.27937e-15)
(0.226622 0.0149989 1.15865e-15)
(0.109955 0.00886495 1.8037e-16)
(0.124565 0.0107223 4.43217e-16)
(0.139039 0.0122821 6.71869e-16)
(0.153302 0.0133909 7.50229e-16)
(0.167238 0.013924 7.55052e-16)
(0.180691 0.0137996 5.18432e-16)
(0.193485 0.0129913 6.27257e-16)
(0.205426 0.011537 9.72535e-16)
(0.21632 0.00950573 1.30232e-15)
(0.225981 0.00656834 1.1445e-15)
(0.112302 0.00730057 3.6659e-16)
(0.126868 0.00835629 6.04912e-16)
(0.14117 0.00901573 7.07336e-16)
(0.155149 0.00917254 6.71147e-16)
(0.168719 0.00875528 6.22323e-16)
(0.18177 0.00773559 5.88061e-16)
(0.19418 0.00613511 6.92227e-16)
(0.205817 0.00403132 8.8877e-16)
(0.216546 0.00152372 9.68372e-16)
(0.226238 -0.00172231 9.85396e-16)
(0.114071 0.00532222 2.62454e-16)
(0.128517 0.00559161 4.61643e-16)
(0.142624 0.00538822 6.35514e-16)
(0.15636 0.00465006 5.65098e-16)
(0.169676 0.00335004 5.39095e-16)
(0.182511 0.0015028 5.53107e-16)
(0.194791 -0.000832088 6.17282e-16)
(0.206438 -0.00354468 7.08439e-16)
(0.217367 -0.00651211 8.6508e-16)
(0.227495 -0.0100913 1.04535e-15)
(0.115239 0.00301894 1.90794e-16)
(0.129523 0.00250405 3.37801e-16)
(0.143447 0.00145248 4.18989e-16)
(0.157012 -0.00015553 4.37107e-16)
(0.170212 -0.00230863 4.45913e-16)
(0.183026 -0.00495702 4.69537e-16)
(0.195434 -0.00801202 5.03168e-16)
(0.2074 -0.0113358 5.22677e-16)
(0.218886 -0.0147833 9.01836e-16)
(0.229847 -0.0187533 1.24344e-15)
(0.115788 0.00043816 1.75157e-16)
(0.129898 -0.000875015 2.44e-16)
(0.143676 -0.00278131 3.02807e-16)
(0.157164 -0.00526112 3.75508e-16)
(0.170395 -0.00826831 3.50627e-16)
(0.183398 -0.011726 3.98481e-16)
(0.196192 -0.0155196 4.76968e-16)
(0.208789 -0.0194892 6.89308e-16)
(0.221189 -0.0234683 1.08656e-15)
(0.233385 -0.0279115 1.12378e-15)
(0.115699 -0.00240575 3.52587e-17)
(0.129643 -0.00454703 1.45001e-16)
(0.143333 -0.00733295 1.63234e-16)
(0.156853 -0.0107066 1.94288e-16)
(0.17028 -0.0145933 1.90911e-16)
(0.183684 -0.0188926 3.38757e-16)
(0.197127 -0.0234689 3.77613e-16)
(0.210667 -0.0281436 6.98991e-16)
(0.224345 -0.0327336 9.50735e-16)
(0.238193 -0.0377577 1.0505e-15)
(0.114951 -0.00552357 9.2806e-17)
(0.128755 -0.00853366 1.81031e-16)
(0.142432 -0.0122369 2.59929e-16)
(0.156107 -0.01654 3.44886e-16)
(0.169899 -0.0213455 4.09137e-16)
(0.18392 -0.0265359 4.48879e-16)
(0.198278 -0.0319589 5.68411e-16)
(0.213076 -0.03742 8.00279e-16)
(0.228404 -0.042723 1.02607e-15)
(0.244341 -0.0484616 1.1242e-15)
(0.113522 -0.00893946 1.59292e-16)
(0.127228 -0.0128641 2.76646e-16)
(0.140978 -0.0175262 4.3033e-16)
(0.154937 -0.0227997 5.65934e-16)
(0.169263 -0.0285694 5.83819e-16)
(0.184115 -0.0347082 4.26141e-16)
(0.199648 -0.0410572 6.78143e-16)
(0.216021 -0.0474084 9.57691e-16)
(0.233381 -0.0535527 1.30317e-15)
(0.251871 -0.0601693 1.25097e-15)
(0.111391 -0.0126789 1.94332e-16)
(0.125051 -0.0175583 3.44342e-16)
(0.138966 -0.0232131 3.78722e-16)
(0.153336 -0.0294909 4.23387e-16)
(0.168361 -0.0362703 4.46678e-16)
(0.184242 -0.0434228 5.18943e-16)
(0.201199 -0.0507896 8.54022e-16)
(0.219457 -0.0581552 1.08806e-15)
(0.239241 -0.0653005 1.38724e-15)
(0.260779 -0.0729928 1.2756e-15)
(0.10854 -0.0167511 2.33293e-16)
(0.122214 -0.0226061 2.68154e-16)
(0.136382 -0.0292686 2.41597e-16)
(0.151276 -0.0365691 2.9565e-16)
(0.167135 -0.0443951 3.22959e-16)
(0.184223 -0.0526297 3.71862e-16)
(0.202829 -0.0611224 6.65555e-16)
(0.223269 -0.0696538 1.16703e-15)
(0.245874 -0.0779979 1.25692e-15)
(0.270989 -0.0870101 1.24323e-15)
(0.104955 -0.0211264 2.22339e-16)
(0.118699 -0.0279419 2.11241e-16)
(0.13319 -0.0355954 2.14591e-16)
(0.148685 -0.0439156 2.06529e-16)
(0.165478 -0.0528161 2.58688e-16)
(0.183901 -0.0622039 5.55029e-16)
(0.204344 -0.0719492 8.66515e-16)
(0.227241 -0.0818312 1.13879e-15)
(0.253063 -0.0916157 1.26641e-15)
(0.282322 -0.102244 1.2751e-15)
(0.100628 -0.0257062 8.32369e-17)
(0.114477 -0.033418 1.88616e-16)
(0.129315 -0.042004 2.46065e-16)
(0.145436 -0.0513171 3.50872e-16)
(0.163194 -0.0613104 5.3713e-16)
(0.183022 -0.0719327 8.00956e-16)
(0.205435 -0.0830765 1.04327e-15)
(0.231026 -0.0945294 1.26464e-15)
(0.260453 -0.10605 1.44799e-15)
(0.294456 -0.118644 1.29499e-15)
(0.0955442 -0.0302881 -2.43822e-17)
(0.109484 -0.0387748 1.43168e-16)
(0.124626 -0.0481947 3.47504e-16)
(0.14131 -0.0584506 5.27792e-16)
(0.159981 -0.0695535 7.87305e-16)
(0.181198 -0.0814974 1.02791e-15)
(0.20564 -0.0942045 1.18922e-15)
(0.234105 -0.107476 1.37633e-15)
(0.267494 -0.12108 1.2748e-15)
(0.306867 -0.136048 1.17016e-15)
(0.0896624 -0.0345375 -3.63175e-17)
(0.103596 -0.0436237 1.59082e-16)
(0.118898 -0.0537478 4.06539e-16)
(0.135979 -0.0648822 7.46997e-16)
(0.155403 -0.0771033 9.56499e-17)
(0.177891 -0.090454 1.22135e-15)
(0.204323 -0.104891 1.13739e-15)
(0.235744 -0.120238 1.08314e-15)
(0.273384 -0.136312 1.08761e-15)
(0.318757 -0.154118 1.0775e-15)
(0.0828794 -0.0379722 -4.84071e-18)
(0.0965978 -0.0474492 1.61216e-16)
(0.111794 -0.0581298 4.66921e-16)
(0.128982 -0.0700664 8.127e-16)
(0.14888 -0.0833917 1.04951e-15)
(0.172393 -0.0981936 9.74581e-16)
(0.200626 -0.114481 8.75316e-16)
(0.234933 -0.132132 7.83743e-16)
(0.276967 -0.151078 1.10039e-15)
(0.328926 -0.172225 1.04218e-15)
(0.0749961 -0.0399811 1.21729e-17)
(0.0881608 -0.0496375 2.25555e-16)
(0.102858 -0.0607174 4.67764e-16)
(0.119742 -0.0733428 6.8626e-16)
(0.139697 -0.0876827 7.68395e-16)
(0.163811 -0.103871 7.22807e-16)
(0.193437 -0.122006 6.69774e-16)
(0.230285 -0.142084 7.6484e-16)
(0.276579 -0.164293 1.03426e-15)
(0.335589 -0.189322 9.49619e-16)
(0.065699 -0.0398871 7.24125e-17)
(0.077848 -0.0495328 2.34657e-16)
(0.0915432 -0.0608226 4.25148e-16)
(0.107593 -0.0739116 5.95357e-16)
(0.127018 -0.0889871 5.62151e-16)
(0.151062 -0.106265 5.04948e-16)
(0.181317 -0.125992 4.06847e-16)
(0.219911 -0.148391 6.14449e-16)
(0.269852 -0.174183 7.59092e-16)
(0.33618 -0.203629 8.61776e-16)
(0.0545779 -0.0370533 7.29473e-17)
(0.0651708 -0.046502 1.74809e-16)
(0.0772893 -0.0576781 3.62151e-16)
(0.0918516 -0.0707397 4.44594e-16)
(0.109932 -0.0859169 3.55366e-16)
(0.132857 -0.103574 3.56541e-16)
(0.162434 -0.12421 3.94724e-16)
(0.201201 -0.148459 5.44598e-16)
(0.253265 -0.178059 6.41718e-16)
(0.326677 -0.212358 9.9656e-16)
(0.0412553 -0.0309942 1.56452e-17)
(0.0497729 -0.0399207 2.28022e-16)
(0.0597139 -0.0502855 3.81151e-16)
(0.0719825 -0.0623142 4.68364e-16)
(0.0875768 -0.0763724 4.41339e-16)
(0.107805 -0.0930692 2.07327e-16)
(0.134519 -0.113224 3.69386e-16)
(0.1705 -0.138194 6.08201e-16)
(0.221436 -0.171502 9.20061e-16)
(0.300882 -0.210354 9.01104e-16)
(0.0257568 -0.0214191 7.39221e-17)
(0.0317539 -0.0289859 1.38931e-16)
(0.0387833 -0.0371509 2.74898e-16)
(0.0475925 -0.0464743 3.88073e-16)
(0.0589259 -0.0575639 2.55249e-16)
(0.0738155 -0.0712383 1.99381e-16)
(0.0937491 -0.0885783 3.64833e-16)
(0.121415 -0.111993 6.67933e-16)
(0.16486 -0.147883 8.01962e-16)
(0.246575 -0.189477 5.75017e-16)
(0.00864443 -0.00845806 4.95476e-17)
(0.0113364 -0.0125659 8.42152e-17)
(0.0142404 -0.0162144 1.46308e-16)
(0.0178216 -0.0204288 1.06091e-16)
(0.0224709 -0.0256014 5.17774e-17)
(0.0287665 -0.0322172 7.48064e-18)
(0.0378098 -0.0409027 1.66278e-16)
(0.0527783 -0.0541329 2.56413e-16)
(0.0848952 -0.0796486 3.18452e-16)
(0.1623 -0.109341 8.79273e-17)
(0.0239209 -0.000382299 -1.50747e-17)
(0.0625445 -0.00347515 -6.04888e-17)
(0.0925861 -0.00861096 -2.24297e-17)
(0.114444 -0.0153275 5.57911e-18)
(0.128268 -0.0230003 5.15721e-17)
(0.134083 -0.0310226 1.78471e-17)
(0.131856 -0.0387322 3.40401e-18)
(0.121574 -0.0454274 1.45238e-18)
(0.103354 -0.0502611 1.29776e-17)
(0.0776424 -0.0499877 -6.63258e-17)
(0.0208074 -0.000308888 1.93292e-17)
(0.0548768 -0.00380816 -2.52374e-17)
(0.0816085 -0.00963911 2.45447e-17)
(0.101184 -0.0172713 -7.68954e-18)
(0.113733 -0.0259768 5.7787e-17)
(0.119367 -0.0350934 3.45982e-17)
(0.118251 -0.0439481 1.27567e-17)
(0.110663 -0.0518264 -6.29899e-18)
(0.0970386 -0.0578645 -3.39807e-17)
(0.0780761 -0.0604342 2.48433e-17)
(0.0177115 -0.000283674 1.04816e-17)
(0.0470943 -0.00373794 3.54074e-17)
(0.0704317 -0.00950755 6.79834e-18)
(0.0877766 -0.0170343 -2.31157e-18)
(0.099236 -0.025555 1.61482e-17)
(0.104992 -0.0343944 4.83254e-17)
(0.105331 -0.0428914 1.46061e-17)
(0.100699 -0.0503613 6.00037e-18)
(0.0917463 -0.0560714 1.68275e-17)
(0.0794646 -0.0592516 5.94268e-17)
(0.0148354 -0.000246164 -1.06007e-17)
(0.0397823 -0.00337584 -3.89278e-17)
(0.0599013 -0.00859404 -7.1907e-17)
(0.0751679 -0.0153565 -7.75074e-17)
(0.0856739 -0.0229332 -6.84077e-17)
(0.0916209 -0.0306831 -5.86811e-17)
(0.0933402 -0.0380067 -5.79849e-17)
(0.0913108 -0.0443237 -4.76367e-17)
(0.0861882 -0.0490951 -3.36468e-17)
(0.0788454 -0.0520007 -2.07796e-17)
(0.0123215 -0.000205596 -3.61053e-17)
(0.0333713 -0.00286862 -1.23297e-16)
(0.0506735 -0.00728721 -2.30256e-16)
(0.064167 -0.0129635 -1.84102e-16)
(0.0739225 -0.0192394 -1.52607e-16)
(0.0801355 -0.0255487 -1.38341e-16)
(0.0831227 -0.0313804 -1.51545e-16)
(0.0833183 -0.0362665 -1.03357e-16)
(0.0812758 -0.0398206 -8.32696e-17)
(0.0776584 -0.0419236 -9.22073e-17)
(0.0102415 -0.000167473 -5.41887e-17)
(0.0280562 -0.00232094 -1.79089e-16)
(0.0430438 -0.00586649 -2.46696e-16)
(0.0551187 -0.0103661 -2.36516e-16)
(0.0643379 -0.0152579 -1.68419e-16)
(0.0708709 -0.0200628 -1.23198e-16)
(0.0749922 -0.0243621 -8.90276e-17)
(0.0770647 -0.0277881 -5.44901e-17)
(0.0775279 -0.0300562 -3.0616e-17)
(0.0768733 -0.0311191 -2.78834e-17)
(0.00859481 -0.000133276 -4.09935e-17)
(0.0238585 -0.00179692 -1.17107e-16)
(0.0370433 -0.00450189 -1.91992e-16)
(0.0480605 -0.00787757 -1.54072e-16)
(0.0569492 -0.0114606 -1.04446e-16)
(0.0638503 -0.0148614 -5.74688e-17)
(0.0689882 -0.0177458 -1.14241e-17)
(0.0726539 -0.0198283 3.92392e-17)
(0.0751907 -0.0208968 1.01196e-16)
(0.0769673 -0.0209221 8.65938e-17)
(0.00734744 -0.000103237 -2.20022e-17)
(0.0206938 -0.00132898 -5.43304e-17)
(0.0325573 -0.00328457 -1.61465e-16)
(0.0428498 -0.00566395 -9.14405e-17)
(0.0515969 -0.00809817 -3.14369e-17)
(0.0589104 -0.0102806 1.52686e-17)
(0.0649675 -0.0119502 5.78231e-17)
(0.0699975 -0.0128915 9.91595e-17)
(0.0742665 -0.0129478 1.23311e-16)
(0.0780553 -0.0120949 1.30808e-16)
(0.00644658 -7.70274e-05 -1.45633e-17)
(0.0184308 -0.000931035 -4.04075e-17)
(0.0293957 -0.00225285 -3.81681e-17)
(0.0392533 -0.00379572 7.38981e-18)
(0.0480203 -0.00527653 7.97472e-17)
(0.0557808 -0.00646063 9.41931e-17)
(0.0626726 -0.0071521 1.36077e-16)
(0.0688738 -0.00719432 2.03704e-16)
(0.0745875 -0.00647766 1.91487e-16)
(0.0800279 -0.00498301 2.03307e-16)
(0.00583357 -5.40898e-05 -1.82076e-17)
(0.0169218 -0.000605756 -6.06205e-17)
(0.0273375 -0.00141377 2.92176e-18)
(0.0369997 -0.0022864 1.89688e-17)
(0.0459137 -0.00301394 5.60915e-17)
(0.0541422 -0.00342458 9.66361e-17)
(0.0617891 -0.00337836 1.5048e-16)
(0.0689883 -0.00276796 2.18611e-16)
(0.075894 -0.0015243 1.92457e-16)
(0.0826637 0.00036287 2.81341e-16)
(0.0054532 -3.39487e-05 -2.85727e-17)
(0.0160171 -0.000348625 -9.66339e-17)
(0.0261636 -0.000756816 -8.65536e-17)
(0.0358142 -0.00111556 -2.15725e-17)
(0.0449683 -0.0012782 2.98639e-17)
(0.0536673 -0.00112555 7.79925e-17)
(0.0619867 -0.000564788 1.31132e-16)
(0.0700262 0.000470305 1.95068e-16)
(0.0778959 0.00201588 1.81291e-16)
(0.0857099 0.00407085 2.04386e-16)
(0.0052528 -1.61523e-05 -2.94814e-17)
(0.0155808 -0.000152506 -8.84572e-17)
(0.0256686 -0.000262947 -5.70839e-17)
(0.0354427 -0.000247451 -1.86881e-17)
(0.0448931 -1.16249e-05 1.12771e-17)
(0.0540467 0.000519951 3.79629e-17)
(0.062955 0.00140163 6.14098e-17)
(0.0716858 0.00266648 7.13512e-17)
(0.0803174 0.00432459 5.35369e-17)
(0.0889254 0.00636308 1.09878e-16)
(0.00518832 -3.50617e-07 -1.79671e-17)
(0.0154916 -8.83825e-06 -4.65296e-17)
(0.0256723 9.09375e-05 -5.44576e-17)
(0.0356569 0.000361851 -1.59638e-17)
(0.0454312 0.000855209 -2.3278e-17)
(0.055007 0.00161103 -9.11356e-18)
(0.0644161 0.00265367 1.12635e-17)
(0.0737032 0.00399051 3.18402e-17)
(0.0829172 0.00561113 5.66034e-17)
(0.0921067 0.0074934 9.34037e-17)
(0.00522048 1.37068e-05 -2.62121e-17)
(0.0156485 9.08181e-05 -9.43351e-17)
(0.0260195 0.000328084 -1.94063e-16)
(0.0362647 0.000756246 -1.41156e-16)
(0.0463627 0.00139207 -9.95192e-17)
(0.0563152 0.00224789 -5.87478e-17)
(0.0661384 0.00332491 -2.29696e-17)
(0.0758565 0.00461136 7.64378e-18)
(0.0854993 0.00608304 3.11982e-17)
(0.0950915 0.00770913 4.33857e-17)
(0.00531848 2.62187e-05 -3.87993e-17)
(0.0159653 0.000154705 -1.30438e-16)
(0.0265835 0.00047072 -2.4451e-16)
(0.0371064 0.000977656 -2.04692e-16)
(0.0475082 0.00166484 -1.2335e-16)
(0.0577821 0.0025235 -6.81209e-17)
(0.0679323 0.00353778 -2.59094e-17)
(0.0779693 0.00468221 8.32045e-18)
(0.0879078 0.00592371 1.92909e-17)
(0.0977577 0.00722519 2.91156e-18)
(0.00545682 3.73154e-05 -3.82706e-17)
(0.0163734 0.000189886 -1.11151e-16)
(0.0272618 0.000538333 -1.68179e-16)
(0.038054 0.0010624 -1.22601e-16)
(0.0487239 0.00173061 -7.76701e-17)
(0.059257 0.00251819 -3.39981e-17)
(0.0696496 0.00339678 1.77948e-17)
(0.0799044 0.0043323 9.11553e-17)
(0.0900246 0.00528615 1.10122e-16)
(0.100014 0.00621688 1.87094e-16)
(0.00561447 4.71503e-05 -2.62504e-17)
(0.0168205 0.000202683 -7.15606e-17)
(0.0279725 0.000547648 -6.79251e-17)
(0.0390078 0.00104176 -7.77319e-17)
(0.0498964 0.00163722 -5.75441e-17)
(0.0606219 0.0022978 -2.4813e-17)
(0.0711762 0.00298652 1.59112e-17)
(0.081556 0.00366337 6.04772e-17)
(0.0917624 0.00428759 1.09421e-16)
(0.101794 0.00481399 2.03337e-16)
(0.00577691 5.58192e-05 -3.51859e-17)
(0.0172629 0.000198152 -1.23235e-16)
(0.0286541 0.000512131 -1.43199e-16)
(0.0398887 0.00094011 -1.04807e-16)
(0.0509397 0.00142222 -7.44962e-17)
(0.0617874 0.0019134 -4.71505e-17)
(0.0724229 0.00237065 -2.368e-17)
(0.0828448 0.00275087 -1.0162e-17)
(0.0930527 0.00301224 -1.95397e-17)
(0.103049 0.00310627 3.85547e-17)
(0.005931 6.34397e-05 -3.99703e-17)
(0.0176692 0.000180478 -1.23243e-16)
(0.0292572 0.000442501 -1.18158e-16)
(0.0406385 0.000776803 -1.05108e-16)
(0.0517852 0.00111368 -8.98689e-17)
(0.0626822 0.00140169 -7.3831e-17)
(0.0733228 0.00159372 -6.12007e-17)
(0.0837073 0.00164457 -5.55156e-17)
(0.093843 0.00151265 -5.65512e-17)
(0.103738 0.00114622 3.92304e-17)
(0.00606881 7.01004e-05 -3.20442e-17)
(0.0180138 0.000152676 -9.36063e-17)
(0.0297454 0.00034656 -1.2789e-16)
(0.0412082 0.000564971 -1.289e-16)
(0.0523809 0.000730549 -1.13716e-16)
(0.0632511 0.000786595 -9.67477e-17)
(0.0738185 0.000682606 -8.23919e-17)
(0.0840924 0.000372441 -6.99853e-17)
(0.0940877 -0.000184044 -5.40049e-17)
(0.103826 -0.00104284 -2.05914e-17)
(0.00618204 7.58455e-05 -4.41131e-17)
(0.0182791 0.000116977 -1.48977e-16)
(0.0300877 0.00022952 -2.11175e-16)
(0.0415612 0.000313345 -1.60145e-16)
(0.0526814 0.000284118 -1.29881e-16)
(0.0634454 8.05723e-05 -1.09582e-16)
(0.0738623 -0.000350586 -9.98137e-17)
(0.0839523 -0.00105586 -1.02508e-16)
(0.0937463 -0.00207343 -1.28779e-16)
(0.10328 -0.00346328 -1.0653e-16)
(0.00626614 8.07172e-05 -3.94349e-17)
(0.0184477 7.48948e-05 -1.0099e-16)
(0.0302601 9.43266e-05 -1.30792e-16)
(0.0416634 2.58953e-05 -1.50262e-16)
(0.0526478 -0.000221598 -1.15889e-16)
(0.0632214 -0.000713756 -9.86225e-17)
(0.0734074 -0.00150668 -8.57341e-17)
(0.0832426 -0.00264616 -6.76531e-17)
(0.0927766 -0.00416677 -2.90634e-17)
(0.102065 -0.00613344 5.2081e-17)
(0.00631651 8.47071e-05 -2.77935e-17)
(0.0185057 2.70553e-05 -6.2391e-17)
(0.0302394 -5.78264e-05 -7.57123e-17)
(0.0414831 -0.000296824 -8.76231e-17)
(0.052241 -0.000788474 -8.6361e-17)
(0.0625347 -0.00160284 -7.6966e-17)
(0.0724068 -0.0027976 -5.336e-17)
(0.0819174 -0.00441637 -8.64553e-18)
(0.0911374 -0.00648733 6.43729e-17)
(0.100148 -0.00907917 1.71268e-16)
(0.00632798 8.78173e-05 -1.47384e-17)
(0.0184414 -2.64401e-05 -2.80725e-17)
(0.0300016 -0.000227711 -2.31841e-17)
(0.0409883 -0.000658313 -8.1057e-17)
(0.0514186 -0.00142442 -9.26571e-17)
(0.0613374 -0.0026005 -6.99524e-17)
(0.0708125 -0.00424373 -2.74939e-17)
(0.0799303 -0.0063911 3.60863e-17)
(0.0887911 -0.00906117 1.18552e-16)
(0.0974997 -0.0123213 2.14933e-16)
(0.00629761 8.99233e-05 -1.14786e-17)
(0.0182386 -8.58782e-05 -3.58948e-17)
(0.0295219 -0.000417829 -6.57061e-17)
(0.0401402 -0.00106537 -1.51938e-16)
(0.0501355 -0.00214318 -1.3717e-16)
(0.0595797 -0.00372777 -7.79761e-17)
(0.0685742 -0.00587036 -1.45027e-17)
(0.0772402 -0.00859533 5.71481e-17)
(0.085705 -0.0119052 1.26474e-16)
(0.0940994 -0.01586 1.82475e-16)
(0.00621952 9.1016e-05 -1.59055e-17)
(0.0178814 -0.000152066 -6.59345e-17)
(0.0287687 -0.000632495 -1.29639e-16)
(0.0388972 -0.00152952 -2.05651e-16)
(0.048339 -0.00296445 -1.37624e-16)
(0.0572082 -0.00501037 -7.2961e-17)
(0.0656483 -0.00770286 -8.74687e-19)
(0.0738144 -0.0110419 7.30848e-17)
(0.0818621 -0.0150083 1.1987e-16)
(0.0899391 -0.0196445 1.48334e-16)
(0.00608945 9.11208e-05 -2.17795e-17)
(0.0173485 -0.000226378 -1.01118e-16)
(0.0277054 -0.000879034 -1.93039e-16)
(0.0372065 -0.00206761 -2.11606e-16)
(0.0459745 -0.00391421 -1.11373e-16)
(0.0541763 -0.00647416 -4.76411e-17)
(0.0620021 -0.00975154 2.23556e-17)
(0.0696409 -0.0137105 9.37062e-17)
(0.0772638 -0.0183019 5.30013e-17)
(0.0850245 -0.0235426 -2.39948e-18)
(0.00589928 9.05878e-05 -4.22197e-17)
(0.0166143 -0.000311566 -1.70639e-16)
(0.0262836 -0.00117013 -2.51499e-16)
(0.0350115 -0.0027048 -1.80873e-16)
(0.0429902 -0.00502012 -9.42614e-17)
(0.0504521 -0.00813052 -2.91615e-17)
(0.0576314 -0.0119882 1.07244e-17)
(0.0647344 -0.01651 1.9402e-17)
(0.0719313 -0.0216211 -1.06566e-16)
(0.0793585 -0.0273001 -1.71705e-16)
(0.00564034 9.01291e-05 -5.66636e-17)
(0.0156403 -0.000413669 -1.6675e-16)
(0.0244462 -0.00152794 -1.78305e-16)
(0.032255 -0.00347222 -1.29919e-16)
(0.0393529 -0.00629874 -5.76565e-17)
(0.0460375 -0.00994729 -2.78606e-17)
(0.0525654 -0.0143018 -3.35108e-17)
(0.0591337 -0.0192354 -8.00493e-17)
(0.0658846 -0.0246603 -1.60843e-16)
(0.0729166 -0.0305132 -1.43276e-16)
(0.00529755 9.01099e-05 -4.23608e-17)
(0.0143764 -0.000548303 -7.41348e-17)
(0.0221313 -0.00198652 -2.86423e-17)
(0.0288982 -0.00439432 -2.70192e-17)
(0.0350683 -0.00771815 -2.20754e-17)
(0.0409756 -0.011795 -3.28254e-17)
(0.0468599 -0.0164437 -5.69552e-17)
(0.0528738 -0.02152 -8.55908e-17)
(0.0591078 -0.0269487 -9.44586e-17)
(0.0656057 -0.0326214 -6.17035e-17)
(0.00484396 8.60628e-05 -1.9796e-17)
(0.0127604 -0.000750023 -1.42312e-17)
(0.0192881 -0.00258288 2.68025e-17)
(0.024945 -0.00544617 -3.94119e-18)
(0.0301914 -0.00912946 -2.45286e-17)
(0.035339 -0.0133741 -4.32698e-17)
(0.0405606 -0.017975 -5.87316e-17)
(0.045937 -0.0228166 -6.53753e-17)
(0.0515002 -0.0278661 -5.72841e-17)
(0.057225 -0.0329549 -4.34947e-17)
(0.004234 5.26874e-05 -6.05995e-18)
(0.0107262 -0.00107449 2.95394e-18)
(0.0159105 -0.00330716 1.1449e-17)
(0.0204588 -0.00645859 -1.94661e-17)
(0.0248089 -0.0101702 -3.83915e-17)
(0.0291739 -0.0141556 -4.56553e-17)
(0.0336315 -0.0182606 -4.60237e-17)
(0.0381943 -0.0224457 -3.73234e-17)
(0.0428366 -0.0267181 -1.73703e-17)
(0.0474568 -0.0308365 1.77563e-17)
(0.00340728 -8.20742e-05 4.26183e-19)
(0.00825955 -0.00153393 7.86498e-18)
(0.0120735 -0.00395862 1.49658e-17)
(0.0155394 -0.00697622 -5.28786e-17)
(0.0189537 -0.0101871 -4.26371e-17)
(0.0223999 -0.0133963 -3.51615e-17)
(0.0258798 -0.0165639 -2.647e-17)
(0.0293633 -0.0197235 -1.36974e-17)
(0.0327753 -0.0228782 2.9018e-18)
(0.0359295 -0.0257247 1.97271e-17)
(0.00239686 -0.000358037 9.11416e-19)
(0.00546891 -0.00184626 -1.56637e-18)
(0.00788 -0.00392451 -1.97167e-17)
(0.0101699 -0.00616661 -3.50041e-17)
(0.0124469 -0.00830498 -2.39658e-17)
(0.0147037 -0.010315 -1.60569e-17)
(0.0169164 -0.01225 -7.80215e-18)
(0.0190422 -0.0141503 2.69103e-18)
(0.0209699 -0.0159493 1.66237e-17)
(0.022467 -0.0173713 3.96722e-17)
(0.00133376 -0.000455785 -2.75785e-18)
(0.00224142 -0.0012475 -1.1606e-17)
(0.00305655 -0.0022358 -3.32479e-17)
(0.00389881 -0.0031018 -1.27844e-17)
(0.00471862 -0.00382807 -5.06285e-18)
(0.00549415 -0.00448284 -1.40609e-18)
(0.00621671 -0.00510436 3.067e-18)
(0.00685432 -0.00567587 1.0699e-17)
(0.00731162 -0.00609096 2.51718e-17)
(0.00741061 -0.00626609 5.65239e-17)
(0.030916 5.40098e-06 -4.45328e-19)
(0.0309174 -3.82641e-06 -7.6548e-19)
(0.0309214 3.65424e-06 1.48592e-18)
(0.0309165 -3.01456e-06 -1.29142e-16)
(0.0309227 2.50838e-06 -2.00749e-17)
(0.0309168 -1.91845e-06 -3.47053e-18)
(0.0309222 1.31514e-06 1.014e-17)
(0.0309155 -8.1026e-07 1.22434e-16)
(0.0309243 2.85742e-07 2.66247e-17)
(0.0309097 5.6569e-07 1.47395e-17)
(0.0309334 -1.50209e-06 -3.77303e-18)
(0.0308695 4.72741e-06 4.78192e-19)
(0.0309653 -1.74669e-05 7.84211e-18)
(0.0312054 -9.64061e-05 -8.58989e-18)
(0.036024 -0.00493615 -1.33763e-17)
(0.0789477 3.83689e-07 -1.29022e-18)
(0.0789521 -1.17409e-06 -2.35271e-18)
(0.0789602 1.72441e-06 9.725e-18)
(0.0789509 -1.64e-06 -3.03851e-16)
(0.0789627 1.62788e-06 -5.4311e-17)
(0.0789513 -1.40618e-06 -9.85659e-18)
(0.0789621 9.84759e-07 2.40354e-17)
(0.0789483 -7.02182e-07 3.06706e-16)
(0.078967 1.66892e-07 7.22928e-17)
(0.078935 1.65487e-06 4.30338e-17)
(0.0789885 -7.48802e-07 -1.16472e-17)
(0.0788477 1.07175e-05 1.29958e-18)
(0.0790904 -8.33526e-05 2.37275e-17)
(0.0791522 -0.000699758 -2.53992e-17)
(0.0863836 -0.00995395 -3.5871e-17)
(0.113991 3.67573e-06 -2.09146e-18)
(0.113998 -1.84127e-06 -4.49972e-18)
(0.11401 2.41667e-06 3.19211e-17)
(0.113996 -2.09436e-06 -2.66095e-16)
(0.114014 2.0529e-06 -7.86167e-17)
(0.113997 -1.665e-06 -1.5454e-17)
(0.114012 1.03976e-06 2.78811e-17)
(0.113993 -6.59069e-07 3.97805e-16)
(0.114019 2.30269e-07 1.0812e-16)
(0.113976 2.56997e-06 7.1785e-17)
(0.11405 1.42216e-06 -2.18309e-17)
(0.113866 1.42976e-05 1.77726e-18)
(0.11421 -0.000138009 4.22834e-17)
(0.113918 -0.00123961 -4.34604e-17)
(0.120271 -0.0120649 -6.11167e-17)
(0.136486 1.08659e-06 -2.80589e-18)
(0.136493 -2.49453e-07 -8.07228e-18)
(0.136507 7.58923e-07 -1.51435e-17)
(0.136492 -8.04112e-07 -3.44928e-16)
(0.136512 9.88438e-07 -9.70336e-17)
(0.136493 -8.43496e-07 -1.97791e-17)
(0.13651 4.48276e-07 1.88681e-17)
(0.136488 -2.94114e-07 1.7901e-16)
(0.136518 2.91837e-07 1.33286e-16)
(0.136468 2.87031e-06 1.02502e-16)
(0.136556 4.82134e-06 -3.63648e-17)
(0.136352 1.42228e-05 1.64397e-18)
(0.136751 -0.00016472 6.58749e-17)
(0.136044 -0.00156988 -6.41493e-17)
(0.140154 -0.011946 -9.0335e-17)
(0.146825 -8.25963e-07 -3.31904e-18)
(0.146833 5.09455e-07 -1.14205e-17)
(0.146848 -1.96857e-07 -4.6058e-17)
(0.146832 -9.72023e-08 -3.73747e-16)
(0.146853 3.14396e-07 -1.06637e-16)
(0.146833 -2.79743e-07 -2.195e-17)
(0.146852 1.16207e-07 -9.25938e-18)
(0.146828 -9.06388e-08 4.91257e-16)
(0.146859 5.16009e-07 1.4243e-16)
(0.146808 2.48164e-06 1.3748e-16)
(0.146903 8.1234e-06 -5.79569e-17)
(0.146696 1.2059e-05 5.25902e-19)
(0.147114 -0.000154487 9.74171e-17)
(0.146049 -0.00160901 -8.89974e-17)
(0.14771 -0.0103886 -1.2573e-16)
(0.145372 8.93868e-07 -3.51243e-18)
(0.14538 -1.01817e-07 -1.34007e-17)
(0.145396 -3.35968e-07 -6.26302e-17)
(0.145379 1.00912e-07 -3.57672e-16)
(0.145401 -5.21132e-08 -1.06671e-16)
(0.14538 8.89318e-08 -2.09377e-17)
(0.145399 -9.54686e-08 2.21238e-17)
(0.145375 3.9415e-08 4.26643e-16)
(0.145407 7.13987e-07 1.37314e-16)
(0.145356 1.60988e-06 1.01548e-16)
(0.145454 1.03256e-05 -9.05633e-17)
(0.145257 8.90477e-06 -1.88909e-18)
(0.145673 -0.00011356 6.19624e-17)
(0.144393 -0.00139058 -1.20532e-16)
(0.144078 -0.00802517 -9.22709e-17)
(0.132458 -1.03324e-06 -3.31134e-18)
(0.132465 6.41818e-07 -1.34506e-17)
(0.132479 -1.21735e-06 -6.67942e-17)
(0.132464 8.11808e-07 -6.91688e-16)
(0.132484 -7.31659e-07 -9.79827e-17)
(0.132465 6.37737e-07 -1.77442e-17)
(0.132482 -4.51549e-07 3.71091e-17)
(0.13246 2.20144e-07 7.29663e-16)
(0.13249 7.29948e-07 1.21821e-16)
(0.132443 5.2414e-07 7.34197e-17)
(0.132538 1.08352e-05 -5.87875e-17)
(0.132363 4.96882e-06 -2.57188e-18)
(0.132761 -5.86432e-05 3.82563e-17)
(0.131463 -0.0010106 -8.42916e-17)
(0.129971 -0.00537938 -6.75618e-17)
(0.108386 -3.09499e-06 -2.70695e-18)
(0.108392 2.82311e-06 -1.14366e-17)
(0.108403 -2.68691e-06 -5.89291e-17)
(0.108391 2.22465e-06 -3.29415e-16)
(0.108407 -1.82731e-06 -7.94494e-17)
(0.108391 1.46577e-06 -1.32716e-17)
(0.108406 -1.10535e-06 3.83467e-17)
(0.108387 6.17606e-07 3.49135e-16)
(0.108413 4.2984e-07 9.62753e-17)
(0.108373 -3.13851e-07 4.99442e-17)
(0.108456 9.26292e-06 -3.64187e-17)
(0.108314 7.71805e-07 -2.38378e-18)
(0.108677 -1.05159e-05 2.24438e-17)
(0.107566 -0.000586781 -5.54752e-17)
(0.105772 -0.00291388 -4.74639e-17)
(0.0734354 3.8428e-07 -1.76141e-18)
(0.0734395 1.83849e-06 -7.62507e-18)
(0.0734471 -1.67166e-06 -4.03899e-17)
(0.0734383 1.65455e-06 -2.40617e-16)
(0.0734494 -1.40514e-06 -5.20278e-17)
(0.0734386 1.19272e-06 -8.11082e-18)
(0.0734488 -1.03307e-06 2.832e-17)
(0.0734359 6.26064e-07 2.50023e-16)
(0.0734538 1.4038e-07 6.1937e-17)
(0.0734255 -6.42319e-07 2.89786e-17)
(0.0734872 5.84402e-06 -1.97524e-17)
(0.0733893 -2.06712e-06 -1.63149e-18)
(0.0736767 1.36706e-05 1.15938e-17)
(0.072933 -0.000233025 -3.13668e-17)
(0.0715889 -0.00105079 -2.92687e-17)
(0.0278604 -5.07337e-06 -5.9792e-19)
(0.0278615 4.15778e-06 -2.62878e-18)
(0.0278652 -3.51102e-06 -1.42867e-17)
(0.0278607 2.93594e-06 -9.81816e-17)
(0.0278664 -2.30228e-06 -1.79851e-17)
(0.0278609 1.74161e-06 -2.67138e-18)
(0.027866 -1.29353e-06 1.0371e-17)
(0.0278597 7.73794e-07 1.00864e-16)
(0.027868 -2.40407e-07 2.11656e-17)
(0.0278554 -4.44724e-07 9.32545e-18)
(0.0278825 2.05464e-06 -6.16411e-18)
(0.0278423 -3.46779e-06 -5.70032e-19)
(0.0279788 1.14768e-05 3.50269e-18)
(0.027716 -2.8961e-05 -9.95279e-18)
(0.0272611 -4.58104e-05 -9.61169e-18)
)
;

boundaryField
{
    inlet_one
    {
        type            zeroGradient;
    }
    inlet_two
    {
        type            zeroGradient;
    }
    outlet
    {
        type            zeroGradient;
    }
    walls
    {
        type            fixedValue;
        value           uniform (0 0 0);
    }
    front
    {
        type            wedge;
    }
    back
    {
        type            wedge;
    }
}


// ************************************************************************* //
