/*--------------------------------*- C++ -*----------------------------------*\
| =========                 |                                                 |
| \\      /  F ield         | OpenFOAM: The Open Source CFD Toolbox           |
|  \\    /   O peration     | Version:  v1906                                 |
|   \\  /    A nd           | Web:      www.OpenFOAM.com                      |
|    \\/     M anipulation  |                                                 |
\*---------------------------------------------------------------------------*/
FoamFile
{
    version     2.0;
    format      ascii;
    class       volVectorField;
    location    "925";
    object      U;
}
// * * * * * * * * * * * * * * * * * * * * * * * * * * * * * * * * * * * * * //

dimensions      [0 1 -1 0 0 0 0];


internalField   nonuniform List<vector> 
2650
(
(0.510837 -0.000925521 2.93639e-16)
(0.534396 -0.00147718 4.55188e-16)
(0.553248 -0.00175511 5.44477e-16)
(0.584183 -0.00214939 -3.79456e-17)
(0.616984 -0.00235685 -1.75454e-15)
(0.65563 -0.00259064 -1.15417e-15)
(0.698304 -0.00276208 1.69901e-16)
(0.744804 -0.00298306 -1.99848e-16)
(0.798266 -0.00315647 1.56822e-16)
(0.853536 -0.00342756 -6.98259e-16)
(0.921738 -0.00354606 -5.84299e-16)
(0.984069 -0.00373813 2.06773e-16)
(1.06773 -0.00326019 -3.86438e-16)
(1.11164 -0.00172127 -1.31867e-16)
(1.1422 0.00159409 7.17848e-16)
(0.508131 -0.00252476 8.50394e-16)
(0.531729 -0.0038141 6.73133e-16)
(0.550584 -0.00463324 3.05858e-15)
(0.581423 -0.00562022 -1.61534e-16)
(0.614108 -0.00618814 -2.15106e-15)
(0.652589 -0.00678588 1.01375e-15)
(0.695074 -0.00724752 4.73897e-16)
(0.741361 -0.00781265 -5.75284e-16)
(0.794579 -0.00828847 4.44696e-16)
(0.849596 -0.00896687 -2.17537e-15)
(0.917511 -0.0093307 -7.68271e-17)
(0.979592 -0.0097576 6.45139e-16)
(1.06311 -0.00862736 -1.26117e-15)
(1.10713 -0.00444197 -3.51331e-16)
(1.13864 0.00409361 4.41346e-16)
(0.502248 -0.00417913 1.40294e-15)
(0.525923 -0.00592095 9.63408e-16)
(0.544737 -0.00738695 -1.86963e-15)
(0.575385 -0.00885516 -4.35964e-16)
(0.607799 -0.00979573 -2.94073e-15)
(0.645916 -0.0107094 -1.66704e-15)
(0.687982 -0.0114611 -1.90538e-16)
(0.7338 -0.0123258 1.14429e-16)
(0.786488 -0.0131186 -3.06071e-16)
(0.840937 -0.0141277 -6.47153e-16)
(0.908228 -0.0148092 -7.36803e-16)
(0.969723 -0.0153416 1.15005e-15)
(1.0529 -0.0138165 -2.21326e-15)
(1.09708 -0.0069261 -5.78352e-16)
(1.13058 0.00627959 2.62346e-16)
(0.493327 -0.00584722 3.69307e-16)
(0.517134 -0.00804276 -3.76259e-16)
(0.535863 -0.01016 1.84556e-15)
(0.566228 -0.0121012 -8.10977e-16)
(0.598219 -0.0134112 1.36443e-15)
(0.635785 -0.0146363 -1.63702e-15)
(0.677216 -0.0156779 -6.39115e-16)
(0.722318 -0.0168401 -1.852e-16)
(0.774205 -0.0179522 -4.77172e-17)
(0.827785 -0.0192905 -1.67009e-15)
(0.894134 -0.0203024 -4.82511e-16)
(0.954719 -0.0209516 1.82986e-15)
(1.03736 -0.019087 -7.19284e-16)
(1.08175 -0.00952288 -7.59783e-16)
(1.11828 0.00842794 1.64034e-16)
(0.481418 -0.00743329 -3.91522e-15)
(0.505411 -0.0100959 -1.65497e-16)
(0.524006 -0.0128175 2.131e-15)
(0.553992 -0.015207 -5.89167e-17)
(0.58541 -0.0168584 -8.40855e-16)
(0.622237 -0.0183771 -1.70132e-15)
(0.662816 -0.0196911 -1.00855e-15)
(0.706959 -0.021137 -4.1808e-16)
(0.757775 -0.0225516 2.04085e-16)
(0.810188 -0.0242091 -1.19803e-15)
(0.875277 -0.0255401 -3.30266e-16)
(0.934625 -0.0263373 2.41085e-16)
(1.01653 -0.0241984 2.49454e-16)
(1.06113 -0.0121828 -9.68796e-16)
(1.10173 0.0104355 9.01649e-17)
(0.466577 -0.00890234 -1.70314e-17)
(0.490796 -0.012032 6.69679e-17)
(0.509205 -0.0152951 -4.77198e-16)
(0.538709 -0.0180929 8.76061e-16)
(0.5694 -0.0200466 4.09601e-16)
(0.605299 -0.0218321 1.45909e-15)
(0.64481 -0.0233935 -1.35473e-15)
(0.687752 -0.0251012 -6.24152e-16)
(0.73723 -0.0267939 5.06344e-16)
(0.788179 -0.0287517 -1.06136e-15)
(0.851685 -0.0303849 -2.49607e-16)
(0.90946 -0.031362 1.25697e-15)
(0.990382 -0.0290394 9.22904e-16)
(1.03516 -0.0148829 -7.27632e-16)
(1.08083 0.0122316 4.10589e-17)
(0.448868 -0.0102311 2.61085e-16)
(0.47334 -0.0138178 -1.70692e-15)
(0.491503 -0.0175484 2.63557e-15)
(0.520408 -0.0207028 1.52458e-15)
(0.550215 -0.0229127 -1.40114e-15)
(0.584995 -0.0249314 -9.63993e-16)
(0.623224 -0.0267104 -2.74119e-15)
(0.664723 -0.028652 -3.97493e-16)
(0.712595 -0.0305929 9.12411e-16)
(0.761785 -0.0328256 3.0655e-16)
(0.823384 -0.0347405 -2.14745e-16)
(0.879241 -0.0359274 8.02081e-16)
(0.958891 -0.0335304 1.06694e-15)
(1.00376 -0.0176094 -6.07069e-16)
(1.05542 0.0137627 -4.13682e-18)
(0.428361 -0.0113964 4.66351e-16)
(0.4531 -0.0154227 1.02355e-15)
(0.470944 -0.0195341 2.74695e-15)
(0.499126 -0.0229843 1.97863e-15)
(0.527885 -0.0253978 1.72587e-15)
(0.561352 -0.0276108 -2.11048e-15)
(0.598082 -0.0295725 -9.95745e-16)
(0.6379 -0.0317151 -2.16803e-16)
(0.6839 -0.0338698 1.29569e-16)
(0.731037 -0.0363452 -4.49875e-16)
(0.790395 -0.0385157 -2.03432e-16)
(0.84398 -0.0399397 7.07555e-16)
(0.922019 -0.0375881 1.20657e-15)
(0.966804 -0.0203424 -5.75086e-16)
(1.02533 0.0149802 -5.21415e-17)
(0.405144 -0.0123744 6.38329e-16)
(0.430141 -0.0168141 -2.7677e-16)
(0.447581 -0.0212071 5.38816e-15)
(0.474898 -0.0248834 2.34423e-15)
(0.502441 -0.0274421 -3.11142e-16)
(0.5344 -0.0298053 8.53835e-16)
(0.569416 -0.0319107 2.98292e-16)
(0.607314 -0.0342167 -9.3259e-17)
(0.651175 -0.0365449 1.23115e-15)
(0.695968 -0.039225 2.07685e-17)
(0.752751 -0.0416184 -2.23013e-16)
(0.803698 -0.0432997 4.16232e-16)
(0.879727 -0.0411183 8.89798e-16)
(0.924175 -0.0230475 -6.25349e-16)
(0.990302 0.0158397 -9.93317e-17)
(0.379317 -0.013141 7.25605e-16)
(0.404538 -0.0179573 2.19763e-15)
(0.421473 -0.02252 3.32702e-15)
(0.447768 -0.026345 2.12736e-15)
(0.473918 -0.0289853 1.8442e-15)
(0.504171 -0.0314505 1.34611e-15)
(0.537257 -0.0336564 -1.90279e-16)
(0.572998 -0.036083 1.26498e-17)
(0.614457 -0.0385398 1.20072e-15)
(0.656616 -0.0413796 3.48535e-16)
(0.710482 -0.0439556 -3.05088e-16)
(0.758422 -0.0459047 2.07379e-16)
(0.831975 -0.0440148 6.14082e-16)
(0.875731 -0.0256713 -1.81729e-15)
(0.950014 0.0162973 -1.50056e-16)
(0.350997 -0.0136717 7.6015e-16)
(0.376375 -0.0188148 2.50298e-15)
(0.392683 -0.0234236 2.94431e-15)
(0.417777 -0.0273124 1.93781e-15)
(0.442356 -0.0299676 1.72905e-15)
(0.470701 -0.0324829 1.97753e-15)
(0.501641 -0.0347421 5.89693e-17)
(0.534991 -0.0372421 7.39501e-17)
(0.573784 -0.0397773 1.29777e-15)
(0.613026 -0.0427249 6.11635e-16)
(0.663629 -0.0454348 -4.75214e-16)
(0.708183 -0.0476475 4.2434e-17)
(0.778726 -0.0461595 3.77334e-16)
(0.821328 -0.0281357 -1.62541e-15)
(0.904067 0.0163155 -1.94315e-16)
(0.320325 -0.0139409 7.23166e-16)
(0.345743 -0.0193451 4.81106e-16)
(0.361279 -0.0238657 2.76826e-15)
(0.384978 -0.0277279 1.7584e-15)
(0.407795 -0.0303292 1.64834e-15)
(0.434028 -0.0328391 1.99893e-15)
(0.46261 -0.0351017 7.70688e-17)
(0.493336 -0.0376232 8.57667e-17)
(0.529202 -0.0401818 1.2581e-15)
(0.565247 -0.0431783 8.50194e-16)
(0.612235 -0.0459641 1.59723e-16)
(0.653033 -0.0484178 -1.01961e-15)
(0.71995 -0.0474208 1.7777e-16)
(0.760819 -0.030334 -3.41789e-16)
(0.851948 0.0158678 -2.34379e-16)
(0.287464 -0.0139215 6.46377e-16)
(0.312743 -0.0195009 1.84119e-15)
(0.327338 -0.0237908 2.31328e-15)
(0.34942 -0.0275319 1.58445e-15)
(0.370282 -0.0300105 1.59687e-15)
(0.394199 -0.0324571 2.21142e-15)
(0.420206 -0.0346702 1.78126e-16)
(0.448082 -0.0371568 -7.85387e-16)
(0.480758 -0.0396798 1.31161e-15)
(0.513335 -0.0426582 8.85626e-16)
(0.556351 -0.045453 -5.96687e-16)
(0.593029 -0.0481027 -1.70069e-17)
(0.655632 -0.0476544 9.82572e-18)
(0.694075 -0.03212 -9.49627e-17)
(0.79301 0.0149367 -2.8362e-16)
(0.252607 -0.0135837 5.39584e-16)
(0.277481 -0.0192263 1.64134e-15)
(0.290937 -0.0231398 2.01655e-15)
(0.311156 -0.0266634 1.41508e-15)
(0.329864 -0.0289519 1.54672e-15)
(0.351257 -0.0312758 2.18892e-15)
(0.374477 -0.0333838 3.5023e-16)
(0.399278 -0.0357753 1.80752e-16)
(0.428501 -0.0381988 1.46e-15)
(0.457353 -0.0410852 9.41543e-16)
(0.496032 -0.0438132 -6.29145e-17)
(0.528252 -0.0465876 7.77544e-17)
(0.585769 -0.0467039 -1.45132e-16)
(0.620994 -0.033299 1.31342e-16)
(0.726434 0.0135235 -1.51328e-16)
(0.215986 -0.0128939 3.88294e-16)
(0.240069 -0.0184548 1.64966e-15)
(0.252157 -0.0218498 1.88001e-15)
(0.270239 -0.0250594 1.24683e-15)
(0.286591 -0.0270949 1.49932e-15)
(0.305253 -0.0292351 1.93585e-15)
(0.325474 -0.0311812 4.25537e-16)
(0.346983 -0.0334126 2.42969e-16)
(0.372492 -0.0356696 1.52588e-15)
(0.397372 -0.0383823 8.27768e-16)
(0.431339 -0.0409596 1.41301e-16)
(0.458799 -0.0437585 1.73573e-16)
(0.510382 -0.0444033 -1.2143e-16)
(0.541521 -0.0336204 3.6253e-16)
(0.651184 0.0116565 -4.01675e-17)
(0.177879 -0.0118137 1.86209e-16)
(0.200614 -0.0171051 1.22837e-15)
(0.211082 -0.0198551 1.88114e-15)
(0.226724 -0.0226563 1.06538e-15)
(0.240517 -0.0243832 9.23661e-17)
(0.25624 -0.0262779 4.166e-16)
(0.273253 -0.0280041 4.37119e-16)
(0.291258 -0.0300066 2.63838e-16)
(0.312787 -0.0320267 1.76615e-15)
(0.33347 -0.0344768 7.17654e-16)
(0.362336 -0.0368133 8.91817e-17)
(0.384792 -0.039506 2.58781e-16)
(0.429512 -0.0405841 5.50109e-17)
(0.45569 -0.0327615 2.67107e-16)
(0.565946 0.00939276 4.6372e-17)
(0.138625 -0.0102971 -3.66139e-17)
(0.159223 -0.0150722 9.09436e-16)
(0.167795 -0.0170867 1.71038e-15)
(0.180663 -0.0193889 8.65008e-16)
(0.191697 -0.0207624 1.11329e-15)
(0.204276 -0.0223491 1.40595e-15)
(0.217872 -0.023797 3.94159e-16)
(0.232173 -0.025497 2.60319e-16)
(0.249449 -0.0272086 5.39244e-16)
(0.265737 -0.0292981 6.28689e-16)
(0.289088 -0.0313021 -6.65411e-16)
(0.306375 -0.0337241 1.85241e-16)
(0.343227 -0.0350806 5.0616e-17)
(0.363658 -0.0303021 1.88477e-16)
(0.469057 0.00685368 1.19637e-16)
(0.0986496 -0.0082721 -2.79459e-16)
(0.115987 -0.0121989 3.96007e-16)
(0.122378 -0.0134603 1.1908e-15)
(0.132107 -0.0151772 6.32305e-16)
(0.14019 -0.016168 7.7137e-16)
(0.149422 -0.0173816 1.124e-15)
(0.159393 -0.0184934 3.11601e-16)
(0.169804 -0.0198105 2.13167e-16)
(0.182545 -0.0211413 3.85105e-16)
(0.194273 -0.0227611 4.10581e-16)
(0.211659 -0.0243427 1.31006e-18)
(0.223728 -0.0262927 1.23328e-16)
(0.251628 -0.0277181 3.97522e-17)
(0.265771 -0.0256591 1.23625e-16)
(0.358442 0.00429261 3.55157e-17)
(0.0585012 -0.00559553 6.3776e-16)
(0.0709695 -0.00824989 -8.57662e-16)
(0.0749148 -0.00885408 8.40102e-16)
(0.0811061 -0.00990904 3.83684e-16)
(0.0860596 -0.0105048 4.07891e-16)
(0.091747 -0.0112766 6.35537e-16)
(0.0978892 -0.0119922 1.98669e-16)
(0.104238 -0.012839 1.52315e-16)
(0.112145 -0.0137097 5.30973e-16)
(0.119197 -0.0147434 3.23454e-16)
(0.130114 -0.0158034 -1.12868e-17)
(0.137064 -0.017065 6.92291e-17)
(0.154843 -0.0182675 2.46469e-17)
(0.162647 -0.0180712 6.95637e-17)
(0.231532 0.00211142 -5.33206e-17)
(0.0189108 -0.00208806 -2.52772e-16)
(0.0241627 -0.00308403 6.98065e-17)
(0.0254787 -0.00317142 2.28995e-16)
(0.0276954 -0.00352523 1.29013e-16)
(0.0293733 -0.00371339 1.08456e-16)
(0.0313222 -0.00398241 1.99371e-16)
(0.0334299 -0.00423073 6.75628e-17)
(0.0355719 -0.00453025 1.43919e-16)
(0.0383183 -0.00483492 2.28955e-16)
(0.0406429 -0.00520213 1.03931e-16)
(0.0445048 -0.00557358 -4.18882e-17)
(0.0466228 -0.00603752 2.08829e-17)
(0.0530196 -0.00652529 7.88363e-18)
(0.0551997 -0.00715445 2.18928e-17)
(0.0849549 0.000352118 -1.52566e-17)
(1.06518 0.00695344 6.5826e-16)
(0.980851 0.00906329 2.45984e-16)
(0.891172 0.0096729 6.56814e-16)
(0.797204 0.00945396 6.4239e-16)
(0.710789 0.00858173 -5.49827e-17)
(0.633837 0.00747177 -1.57758e-16)
(0.568422 0.00629156 -1.38919e-16)
(0.514007 0.00518043 4.67424e-16)
(0.46973 0.0041854 -2.53314e-17)
(0.434281 0.00332316 -5.06528e-17)
(0.40642 0.00258445 6.3607e-16)
(0.385039 0.00195175 1.20305e-15)
(0.369234 0.00140356 3.37658e-16)
(0.358299 0.000918501 6.87112e-16)
(0.351735 0.000476588 2.24878e-16)
(0.34922 5.97406e-05 1.73933e-16)
(0.3506 -0.000348751 2.16556e-16)
(0.355871 -0.000764487 7.31982e-16)
(0.365174 -0.0012024 7.59474e-16)
(0.37879 -0.00167738 3.09789e-16)
(0.397144 -0.00220485 7.3485e-16)
(0.420814 -0.00280112 6.35338e-16)
(0.45053 -0.00348341 2.82268e-16)
(0.487198 -0.0042701 6.80891e-16)
(0.531907 -0.00517972 2.85082e-16)
(0.585909 -0.00622884 6.80115e-16)
(0.650599 -0.00742723 2.90908e-16)
(0.727419 -0.00877269 7.33576e-16)
(0.817754 -0.0102329 7.8127e-16)
(0.922361 -0.0117435 3.06765e-16)
(1.04152 -0.0131459 7.34849e-16)
(1.17268 -0.0142803 8.01315e-16)
(1.3139 -0.0147041 1.2785e-15)
(1.45196 -0.0144153 3.03755e-16)
(1.59042 -0.0123594 1.07797e-15)
(1.06199 0.0184238 1.82899e-15)
(0.977592 0.0237413 6.67854e-16)
(0.888004 0.02544 1.8694e-15)
(0.794327 0.0248064 3.80581e-15)
(0.70825 0.0225307 -1.66427e-16)
(0.631683 0.0196049 -4.33556e-16)
(0.566626 0.0165092 -4.12711e-16)
(0.512529 0.0135917 1.36082e-15)
(0.468518 0.0109814 -9.02087e-17)
(0.433281 0.00871916 -1.69985e-16)
(0.405587 0.00678127 1.85087e-15)
(0.384332 0.00512129 1.60866e-15)
(0.368619 0.00368289 8.63235e-16)
(0.357749 0.00240998 1.96772e-15)
(0.351226 0.00125014 6.17174e-16)
(0.348733 0.000155938 4.85215e-16)
(0.350115 -0.000916425 5.93756e-16)
(0.355372 -0.00200787 2.08369e-15)
(0.364645 -0.00315757 2.15838e-15)
(0.378211 -0.00440454 8.36902e-16)
(0.396496 -0.00578923 2.07294e-15)
(0.420073 -0.00735445 1.65191e-15)
(0.449667 -0.00914529 7.56398e-16)
(0.486179 -0.01121 1.94827e-15)
(0.530693 -0.0135971 7.68838e-16)
(0.584451 -0.0163501 1.94211e-15)
(0.648842 -0.019495 7.73442e-16)
(0.7253 -0.0230254 2.07795e-15)
(0.815211 -0.0268592 2.20932e-15)
(0.919343 -0.0308215 8.34285e-16)
(1.03798 -0.0345141 2.06518e-15)
(1.16863 -0.0374708 2.31413e-15)
(1.30931 -0.0386503 1.75249e-15)
(1.44703 -0.0377446 7.71175e-16)
(1.58517 -0.0326857 1.26752e-15)
(1.05462 0.0296682 1.83338e-15)
(0.970203 0.0377024 8.73372e-16)
(0.881038 0.0405455 1.95707e-15)
(0.788044 0.0393996 1.88397e-15)
(0.702786 0.0357843 -4.87787e-16)
(0.627076 0.0311026 -7.54524e-16)
(0.562811 0.0261856 -7.97103e-16)
(0.509403 0.0215517 1.2142e-15)
(0.46596 0.0174125 -3.01349e-16)
(0.431177 0.0138258 -4.39227e-16)
(0.403834 0.010754 1.93844e-15)
(0.382845 0.00812213 2.13415e-15)
(0.367326 0.00584098 1.26384e-15)
(0.356592 0.00382146 2.13996e-15)
(0.350155 0.00198056 9.00034e-16)
(0.347707 0.000243201 7.7893e-16)
(0.349096 -0.00146001 8.81803e-16)
(0.354325 -0.00319385 2.26049e-15)
(0.363532 -0.00502036 2.34641e-15)
(0.376996 -0.00700134 1.17685e-15)
(0.395134 -0.00920081 2.23857e-15)
(0.418514 -0.0116865 3.63083e-15)
(0.447853 -0.0145299 1.04621e-15)
(0.484037 -0.0178073 2.08762e-15)
(0.528136 -0.0215958 1.06626e-15)
(0.581375 -0.0259642 2.08208e-15)
(0.645124 -0.0309549 1.08454e-15)
(0.720805 -0.0365575 2.25842e-15)
(0.809794 -0.042648 2.38318e-15)
(0.912873 -0.0489398 1.17066e-15)
(1.03034 -0.054834 2.28512e-15)
(1.15981 -0.0595082 2.50975e-15)
(1.29927 -0.0615164 2.26378e-15)
(1.43595 -0.0598274 1.13432e-15)
(1.57322 -0.0523996 -6.13107e-16)
(1.04333 0.0413608 1.25485e-15)
(0.958907 0.052165 9.09711e-16)
(0.870463 0.0561105 1.45472e-15)
(0.778508 0.0543676 1.31117e-15)
(0.694521 0.0493285 -9.21414e-17)
(0.620115 0.0428232 -1.07647e-15)
(0.557054 0.0360347 -4.129e-16)
(0.504689 0.0296482 6.63015e-16)
(0.462105 0.0239531 -6.58498e-16)
(0.428006 0.0190205 2.779e-17)
(0.401192 0.0147968 1.51027e-15)
(0.380601 0.011177 1.89064e-15)
(0.365374 0.00803805 1.52481e-15)
(0.354843 0.00525739 1.75468e-15)
(0.348537 0.00272106 1.08348e-15)
(0.346156 0.00032598 1.05441e-15)
(0.347555 -0.0020231 1.0776e-15)
(0.35274 -0.00441513 1.82459e-15)
(0.36185 -0.00693528 1.89866e-15)
(0.375157 -0.00966839 1.33363e-15)
(0.393075 -0.0127023 1.83467e-15)
(0.41616 -0.0161301 1.45936e-15)
(0.445113 -0.0200496 1.21285e-15)
(0.480803 -0.0245656 1.6621e-15)
(0.524275 -0.0297843 1.1997e-15)
(0.57673 -0.0358004 1.6528e-15)
(0.639511 -0.0426738 1.23426e-15)
(0.714016 -0.0503914 1.83011e-15)
(0.801608 -0.0587894 1.90412e-15)
(0.903086 -0.0674707 1.32232e-15)
(1.01879 -0.0756347 1.88033e-15)
(1.14642 -0.0820952 2.0449e-15)
(1.28406 -0.0849814 1.9636e-15)
(1.41905 -0.0825142 1.3598e-15)
(1.55495 -0.0726354 1.36965e-15)
(1.02814 0.0531024 9.79203e-16)
(0.943717 0.0666362 8.90614e-16)
(0.856305 0.0715522 1.22027e-15)
(0.765765 0.0691235 1.07475e-15)
(0.683508 0.0626081 1.257e-16)
(0.610855 0.0542747 -8.50087e-16)
(0.549408 0.0456372 -1.51907e-16)
(0.498432 0.0375348 4.99566e-16)
(0.456988 0.0303234 -4.68535e-16)
(0.423795 0.0240821 3.29857e-16)
(0.397681 0.0187383 1.38775e-15)
(0.377619 0.0141569 1.89605e-15)
(0.362778 0.0101814 1.76264e-15)
(0.352516 0.00665677 1.66018e-15)
(0.346382 0.00343902 1.22778e-15)
(0.344088 0.000398055 1.32906e-15)
(0.345501 -0.00258634 1.22439e-15)
(0.350627 -0.00562649 1.67455e-15)
(0.359607 -0.00882995 1.73865e-15)
(0.372707 -0.0123038 1.42667e-15)
(0.390332 -0.016159 1.70788e-15)
(0.413024 -0.0205128 1.55601e-15)
(0.441464 -0.0254887 1.32668e-15)
(0.476498 -0.0312189 1.53607e-15)
(0.519139 -0.0378376 1.28735e-15)
(0.570553 -0.0454653 1.52152e-15)
(0.632045 -0.0541797 1.32286e-15)
(0.704984 -0.0639675 1.67725e-15)
(0.790713 -0.0746295 1.73009e-15)
(0.890048 -0.0856668 1.40727e-15)
(1.00338 -0.0960835 1.74512e-15)
(1.12854 -0.104342 1.85704e-15)
(1.26372 -0.108127 1.92773e-15)
(1.39639 -0.104942 1.5491e-15)
(1.53041 -0.0925768 1.33025e-15)
(1.009 0.0647879 8.50917e-16)
(0.924602 0.080943 8.59326e-16)
(0.838573 0.0866549 1.13572e-15)
(0.749858 0.0834304 1.01438e-15)
(0.66981 0.0753922 3.08214e-16)
(0.599366 0.0652484 -2.99178e-16)
(0.539936 0.0548144 8.70866e-17)
(0.490687 0.0450641 5.42198e-16)
(0.450656 0.0364052 6.33689e-17)
(0.418583 0.0289176 5.7736e-16)
(0.393333 0.0225073 1.40645e-15)
(0.373922 0.0170086 2.04624e-15)
(0.359556 0.0122329 2.02447e-15)
(0.349626 0.00799426 1.68766e-15)
(0.343702 0.0041204 1.33874e-15)
(0.341517 0.000455704 1.6286e-15)
(0.342945 -0.00314362 1.33484e-15)
(0.347998 -0.006812 1.6635e-15)
(0.356815 -0.0106781 1.72054e-15)
(0.369659 -0.0148702 1.49518e-15)
(0.386921 -0.0195208 1.71001e-15)
(0.409126 -0.02477 1.64378e-15)
(0.436932 -0.0307656 1.41339e-15)
(0.471153 -0.0376653 1.54214e-15)
(0.512765 -0.04563 1.35939e-15)
(0.562889 -0.0548049 1.52581e-15)
(0.622784 -0.0652859 1.3929e-15)
(0.693777 -0.0770625 1.66258e-15)
(0.777184 -0.089906 1.70127e-15)
(0.873838 -0.103227 1.46379e-15)
(0.984188 -0.115847 1.71435e-15)
(1.10622 -0.125896 1.8003e-15)
(1.2383 -0.130598 2.02426e-15)
(1.36798 -0.126765 1.72974e-15)
(1.49958 -0.111918 1.41057e-15)
(0.985824 0.0763857 8.20277e-16)
(0.901518 0.0950046 8.32409e-16)
(0.817272 0.1013 1.1382e-15)
(0.730839 0.0971502 1.05755e-15)
(0.653503 0.0875439 4.56837e-16)
(0.58573 0.0756208 5.11367e-17)
(0.528718 0.0634618 2.90842e-16)
(0.481525 0.052151 6.97223e-16)
(0.443167 0.0421312 4.06651e-16)
(0.412415 0.033475 7.71672e-16)
(0.388184 0.0260642 1.49057e-15)
(0.369538 0.0197028 1.82285e-15)
(0.355731 0.0141717 1.83791e-15)
(0.34619 0.009256 1.75039e-15)
(0.340514 0.00475724 1.40605e-15)
(0.338455 0.000496227 1.49826e-15)
(0.339899 -0.00369275 1.39174e-15)
(0.344864 -0.00796462 1.73172e-15)
(0.353489 -0.0124678 1.78453e-15)
(0.366029 -0.0173499 1.54629e-15)
(0.38286 -0.0227637 1.7818e-15)
(0.404489 -0.0288706 1.75393e-15)
(0.431545 -0.0358401 1.47996e-15)
(0.464805 -0.0438539 1.62369e-15)
(0.505198 -0.0530975 1.4203e-15)
(0.553794 -0.0637394 1.6022e-15)
(0.611794 -0.0758941 1.44168e-15)
(0.680472 -0.0895563 1.72357e-15)
(0.761108 -0.104475 1.75289e-15)
(0.854548 -0.119985 1.50079e-15)
(0.961308 -0.134742 1.75176e-15)
(1.07954 -0.14656 1.8327e-15)
(1.20785 -0.152199 1.74068e-15)
(1.33385 -0.147792 1.45852e-15)
(1.46244 -0.130485 1.09117e-15)
(0.958522 0.087863 8.72335e-16)
(0.874407 0.10874 7.94509e-16)
(0.792415 0.115369 1.2127e-15)
(0.708774 0.110149 1.17713e-15)
(0.634681 0.0989347 5.67999e-16)
(0.570048 0.0852797 2.8536e-16)
(0.515848 0.0714868 4.50151e-16)
(0.471025 0.0587222 9.27063e-16)
(0.434586 0.0474445 6.38165e-16)
(0.405344 0.0377109 9.17432e-16)
(0.382274 0.0293764 1.63972e-15)
(0.3645 0.0222156 1.70335e-15)
(0.351328 0.0159807 1.72625e-15)
(0.342229 0.0104306 1.87081e-15)
(0.336835 0.00534302 1.44554e-15)
(0.334917 0.000517374 1.43983e-15)
(0.336379 -0.00423197 1.41989e-15)
(0.341242 -0.00907867 1.85916e-15)
(0.349645 -0.0141891 1.90971e-15)
(0.361834 -0.0197287 1.56905e-15)
(0.378172 -0.0258686 1.90457e-15)
(0.39914 -0.0327889 1.8979e-15)
(0.425336 -0.0406794 1.51787e-15)
(0.457493 -0.0497429 1.76399e-15)
(0.49649 -0.0601871 1.45668e-15)
(0.543332 -0.0722023 1.73371e-15)
(0.599153 -0.0859208 1.46287e-15)
(0.665161 -0.101346 1.82838e-15)
(0.742592 -0.118212 1.84917e-15)
(0.832289 -0.135793 1.50548e-15)
(0.934844 -0.152598 1.8424e-15)
(1.04859 -0.166153 1.90967e-15)
(1.17239 -0.172748 1.56105e-15)
(1.29399 -0.167843 1.2747e-15)
(1.41894 -0.148103 8.93409e-16)
(0.926974 0.0991702 6.46136e-16)
(0.843211 0.122049 7.20676e-16)
(0.764026 0.12872 9.94557e-16)
(0.68375 0.122278 9.77828e-16)
(0.613458 0.109429 6.21408e-16)
(0.552442 0.0941115 4.44371e-16)
(0.501436 0.0787992 5.61492e-16)
(0.45928 0.0647075 8.62376e-16)
(0.424988 0.0522914 7.79185e-16)
(0.39743 0.0415848 1.0158e-15)
(0.37565 0.0324137 1.50095e-15)
(0.358843 0.0245247 1.62135e-15)
(0.346377 0.0176442 1.65062e-15)
(0.337768 0.0115077 1.69965e-15)
(0.332684 0.0058719 1.44842e-15)
(0.330923 0.00051732 1.41335e-15)
(0.332401 -0.00475935 1.4237e-15)
(0.337149 -0.0101485 1.67749e-15)
(0.345301 -0.0158325 1.71371e-15)
(0.357097 -0.0219928 1.54187e-15)
(0.372881 -0.0288165 1.71544e-15)
(0.393109 -0.0365007 1.70904e-15)
(0.418341 -0.0452522 1.50193e-15)
(0.449264 -0.0552924 1.602e-15)
(0.486697 -0.0668484 1.45015e-15)
(0.531574 -0.0801297 1.56779e-15)
(0.584949 -0.0952856 1.44026e-15)
(0.647953 -0.11233 1.62639e-15)
(0.721756 -0.130992 1.63384e-15)
(0.807193 -0.1505 1.4565e-15)
(0.904922 -0.16924 1.63057e-15)
(1.01347 -0.184483 1.65241e-15)
(1.13201 -0.192044 1.41707e-15)
(1.24842 -0.186721 1.13526e-15)
(1.36902 -0.164573 7.68245e-16)
(0.891042 0.110237 4.97735e-16)
(0.807865 0.134806 6.41294e-16)
(0.732144 0.141187 8.42745e-16)
(0.655879 0.133375 8.498e-16)
(0.589976 0.118885 6.60924e-16)
(0.533052 0.102004 5.56697e-16)
(0.485607 0.0853127 6.52885e-16)
(0.446396 0.0700419 8.59145e-16)
(0.414459 0.0566234 8.80569e-16)
(0.388738 0.0450604 1.08843e-15)
(0.368363 0.0351493 1.43655e-15)
(0.352609 0.0266106 1.57994e-15)
(0.340908 0.0191485 1.60082e-15)
(0.332831 0.0124782 1.60183e-15)
(0.328084 0.00633886 1.44521e-15)
(0.32649 0.000494681 1.40253e-15)
(0.327984 -0.00527287 1.41702e-15)
(0.332602 -0.0111687 1.56287e-15)
(0.340477 -0.0173891 1.5864e-15)
(0.35184 -0.0241293 1.49765e-15)
(0.367014 -0.0315903 1.58898e-15)
(0.386428 -0.0399833 1.5836e-15)
(0.410602 -0.0495296 1.47032e-15)
(0.440171 -0.0604656 1.50798e-15)
(0.475886 -0.0730346 1.42958e-15)
(0.518602 -0.0874622 1.47469e-15)
(0.569284 -0.103913 1.40424e-15)
(0.628967 -0.122414 1.49482e-15)
(0.698742 -0.142695 1.49634e-15)
(0.779415 -0.163956 1.39812e-15)
(0.871696 -0.184489 1.4831e-15)
(0.974306 -0.201345 1.48015e-15)
(1.08679 -0.209873 1.31174e-15)
(1.19716 -0.20421 1.03704e-15)
(1.31263 -0.179671 6.8437e-16)
(0.850569 0.120962 3.92494e-16)
(0.768318 0.146853 5.68691e-16)
(0.696839 0.152576 7.27694e-16)
(0.625308 0.143263 7.72294e-16)
(0.564408 0.12716 6.8692e-16)
(0.512044 0.108848 6.40756e-16)
(0.468506 0.0909476 7.29033e-16)
(0.432491 0.0746675 8.83722e-16)
(0.40309 0.0603982 9.60235e-16)
(0.379341 0.0481067 1.1488e-15)
(0.360471 0.0375603 1.41857e-15)
(0.345841 0.0284569 1.57316e-15)
(0.334958 0.0204819 1.57415e-15)
(0.327448 0.0133347 1.54832e-15)
(0.323057 0.0067399 1.4438e-15)
(0.321641 0.0004486 1.40056e-15)
(0.323148 -0.00577037 1.41075e-15)
(0.327622 -0.0121341 1.49015e-15)
(0.335196 -0.0188505 1.50109e-15)
(0.346088 -0.0261264 1.45344e-15)
(0.360602 -0.0341741 1.5018e-15)
(0.379135 -0.0432163 1.49942e-15)
(0.402165 -0.0534852 1.43892e-15)
(0.43027 -0.0652292 1.4531e-15)
(0.464128 -0.0787035 1.41062e-15)
(0.504509 -0.0941459 1.41656e-15)
(0.552271 -0.111734 1.36807e-15)
(0.608344 -0.131508 1.40699e-15)
(0.673715 -0.153204 1.39459e-15)
(0.749137 -0.176013 1.33356e-15)
(0.83535 -0.198163 1.36969e-15)
(0.931273 -0.216526 1.35414e-15)
(1.03681 -0.225999 1.23748e-15)
(1.14026 -0.220074 9.74812e-16)
(1.24969 -0.193138 6.38562e-16)
(0.805376 0.13121 3.22496e-16)
(0.724533 0.157999 5.06669e-16)
(0.658215 0.162665 6.4532e-16)
(0.592225 0.15175 7.18582e-16)
(0.536957 0.13411 7.05548e-16)
(0.48961 0.114542 7.08499e-16)
(0.450293 0.095633 8.00781e-16)
(0.417693 0.0785351 9.26559e-16)
(0.390985 0.0635811 1.02817e-15)
(0.369318 0.0506988 1.20663e-15)
(0.352032 0.0396288 1.42956e-15)
(0.338586 0.0300506 1.5986e-15)
(0.328562 0.0216355 1.5668e-15)
(0.321647 0.0140713 1.52214e-15)
(0.317631 0.00707204 1.44776e-15)
(0.316398 0.00037874 1.40442e-15)
(0.317914 -0.00624964 1.40887e-15)
(0.322232 -0.0130398 1.44425e-15)
(0.329482 -0.0202093 1.44252e-15)
(0.339868 -0.0279736 1.41433e-15)
(0.353676 -0.0365541 1.4402e-15)
(0.371268 -0.0461817 1.44183e-15)
(0.393078 -0.0570966 1.41165e-15)
(0.419622 -0.0695548 1.42102e-15)
(0.451502 -0.0838188 1.39884e-15)
(0.489391 -0.100134 1.37966e-15)
(0.534034 -0.118689 1.33878e-15)
(0.586236 -0.139532 1.33837e-15)
(0.646857 -0.162413 1.31788e-15)
(0.716569 -0.186531 1.26656e-15)
(0.796104 -0.210079 1.27927e-15)
(0.884564 -0.229802 1.26222e-15)
(0.982235 -0.240173 1.19452e-15)
(1.07776 -0.23405 9.2968e-16)
(1.18013 -0.204678 6.33254e-16)
(0.75526 0.140786 2.7176e-16)
(0.6765 0.168002 4.47129e-16)
(0.616426 0.171196 5.8659e-16)
(0.556867 0.158636 6.76307e-16)
(0.507865 0.139591 7.23982e-16)
(0.465963 0.118992 7.67341e-16)
(0.431144 0.0993085 8.66728e-16)
(0.402142 0.0816049 9.75365e-16)
(0.378248 0.0661452 1.08816e-15)
(0.35875 0.0528181 1.26241e-15)
(0.343111 0.0413414 1.45447e-15)
(0.330892 0.031382 1.65621e-15)
(0.321759 0.0226027 1.57251e-15)
(0.31546 0.014684 1.51217e-15)
(0.311831 0.0073334 1.45794e-15)
(0.310784 0.000285297 1.41237e-15)
(0.312306 -0.00670843 1.41395e-15)
(0.316455 -0.0138816 1.41722e-15)
(0.323358 -0.0214587 1.40311e-15)
(0.33321 -0.0296618 1.38315e-15)
(0.346271 -0.0387183 1.39679e-15)
(0.36287 -0.0488646 1.40334e-15)
(0.383393 -0.0603447 1.3925e-15)
(0.408293 -0.0734181 1.40269e-15)
(0.43809 -0.08835 1.39947e-15)
(0.473354 -0.105389 1.36213e-15)
(0.514706 -0.124724 1.3142e-15)
(0.562809 -0.146416 1.28723e-15)
(0.618372 -0.170227 1.26069e-15)
(0.681946 -0.195375 1.22017e-15)
(0.754212 -0.220054 1.21279e-15)
(0.834421 -0.240938 1.20232e-15)
(0.923217 -0.252117 1.19751e-15)
(1.00973 -0.245843 8.93501e-16)
(1.10384 -0.213951 6.65035e-16)
(0.700009 0.149421 2.47049e-16)
(0.62427 0.17656 4.07742e-16)
(0.571695 0.177873 5.45981e-16)
(0.519536 0.163705 6.5303e-16)
(0.477421 0.143468 7.53546e-16)
(0.441347 0.122116 8.19246e-16)
(0.411252 0.101926 9.34919e-16)
(0.385986 0.0838481 1.02545e-15)
(0.364994 0.0680723 1.14216e-15)
(0.347723 0.054452 1.32096e-15)
(0.333771 0.0426894 1.48487e-15)
(0.32281 0.0324451 1.75376e-15)
(0.314589 0.0233791 1.58497e-15)
(0.308921 0.0151701 1.51136e-15)
(0.305685 0.00752298 1.47539e-15)
(0.304826 0.000168872 1.42273e-15)
(0.306347 -0.00714449 1.42698e-15)
(0.310315 -0.0146555 1.40293e-15)
(0.316853 -0.022593 1.37699e-15)
(0.326143 -0.0311832 1.35855e-15)
(0.338422 -0.0406568 1.36704e-15)
(0.353984 -0.0512522 1.37779e-15)
(0.373164 -0.0632138 1.37963e-15)
(0.396352 -0.0767998 1.3965e-15)
(0.42398 -0.0922726 1.41059e-15)
(0.45651 -0.109876 1.35647e-15)
(0.494431 -0.129799 1.2935e-15)
(0.538246 -0.152102 1.25514e-15)
(0.588488 -0.17656 1.22205e-15)
(0.645544 -0.202421 1.1826e-15)
(0.709981 -0.227907 1.15809e-15)
(0.781146 -0.249687 1.14944e-15)
(0.859989 -0.261528 1.23013e-15)
(0.936282 -0.255117 8.59489e-16)
(1.02071 -0.220551 7.15399e-16)
(0.639389 0.15673 2.37264e-16)
(0.567968 0.183294 3.79712e-16)
(0.524334 0.18236 5.13667e-16)
(0.480604 0.166741 6.41166e-16)
(0.445952 0.145617 7.95209e-16)
(0.416028 0.123849 8.6808e-16)
(0.390823 0.103453 1.00217e-15)
(0.36938 0.0852481 1.07489e-15)
(0.351338 0.0693534 1.19407e-15)
(0.336325 0.0555955 1.38326e-15)
(0.324081 0.0436693 1.51148e-15)
(0.314392 0.0332371 1.69207e-15)
(0.307094 0.023963 1.59115e-15)
(0.302062 0.0155287 1.51399e-15)
(0.299223 0.00764079 1.50116e-15)
(0.298549 3.04834e-05 1.43309e-15)
(0.300064 -0.00755569 1.44984e-15)
(0.303838 -0.0153581 1.39701e-15)
(0.309995 -0.0236075 1.35839e-15)
(0.3187 -0.0325317 1.33853e-15)
(0.330167 -0.0423619 1.34727e-15)
(0.344655 -0.0533352 1.36345e-15)
(0.362449 -0.0656924 1.37625e-15)
(0.38387 -0.0796859 1.40009e-15)
(0.409263 -0.0955693 1.43946e-15)
(0.438977 -0.113576 1.35962e-15)
(0.47336 -0.133883 1.2832e-15)
(0.512742 -0.156545 1.23081e-15)
(0.55745 -0.181344 1.19303e-15)
(0.607666 -0.207559 1.14629e-15)
(0.663763 -0.233467 1.11055e-15)
(0.725103 -0.255792 1.10443e-15)
(0.792838 -0.268067 1.10126e-15)
(0.857562 -0.261476 8.09497e-16)
(0.930602 -0.223983 6.02597e-16)
(0.573152 0.162173 2.32128e-16)
(0.507847 0.18773 3.56173e-16)
(0.474771 0.184288 4.8367e-16)
(0.440525 0.167532 6.2673e-16)
(0.413836 0.145937 8.47697e-16)
(0.390296 0.124151 9.03684e-16)
(0.370071 0.103876 1.0756e-15)
(0.352482 0.0858035 1.12084e-15)
(0.337399 0.0699911 1.24044e-15)
(0.324643 0.0562514 1.45485e-15)
(0.314106 0.0442836 1.53667e-15)
(0.305689 0.0337604 1.67505e-15)
(0.299313 0.0243563 1.60138e-15)
(0.294917 0.0157616 1.51539e-15)
(0.292472 0.00768887 1.53818e-15)
(0.29198 -0.000127302 1.43933e-15)
(0.29348 -0.00793877 1.48579e-15)
(0.297051 -0.0159853 1.39539e-15)
(0.30281 -0.0244971 1.34518e-15)
(0.310911 -0.0337012 1.32332e-15)
(0.321544 -0.0438264 1.33451e-15)
(0.334929 -0.0551051 1.35808e-15)
(0.351303 -0.0677709 1.37695e-15)
(0.370919 -0.0820652 1.40749e-15)
(0.394031 -0.0982268 1.48749e-15)
(0.420874 -0.116471 1.36747e-15)
(0.451648 -0.136954 1.27766e-15)
(0.486499 -0.159713 1.21077e-15)
(0.525525 -0.184525 1.16529e-15)
(0.56865 -0.210696 1.11385e-15)
(0.615968 -0.23657 1.0745e-15)
(0.666738 -0.258988 1.06517e-15)
(0.722142 -0.271361 1.01816e-15)
(0.773764 -0.264452 7.55942e-16)
(0.833306 -0.223632 5.25121e-16)
(0.501045 0.165107 2.27322e-16)
(0.444355 0.189336 3.38025e-16)
(0.423589 0.183273 4.54301e-16)
(0.399853 0.165892 6.04796e-16)
(0.381498 0.144363 9.17301e-16)
(0.364463 0.123011 9.27883e-16)
(0.349221 0.103208 1.16702e-15)
(0.335456 0.0855324 1.16116e-15)
(0.323294 0.0700025 1.2787e-15)
(0.312765 0.0564345 1.54415e-15)
(0.303913 0.0445443 1.56031e-15)
(0.296753 0.0340243 1.69054e-15)
(0.291288 0.0245668 1.61858e-15)
(0.287521 0.0158759 1.50987e-15)
(0.285463 0.0076739 1.59334e-15)
(0.285145 -0.000297734 1.43386e-15)
(0.286622 -0.00828649 1.54139e-15)
(0.289979 -0.0165291 1.3946e-15)
(0.295329 -0.025253 1.33498e-15)
(0.302811 -0.0346818 1.31145e-15)
(0.312592 -0.0450391 1.32766e-15)
(0.324856 -0.0565498 1.35976e-15)
(0.339788 -0.0694359 1.38173e-15)
(0.357574 -0.0839233 1.41459e-15)
(0.378381 -0.10023 1.55848e-15)
(0.402325 -0.118544 1.37704e-15)
(0.429459 -0.138991 1.27446e-15)
(0.459733 -0.161578 1.19923e-15)
(0.492995 -0.18606 1.14229e-15)
(0.52887 -0.211752 1.088e-15)
(0.567072 -0.237067 1.04677e-15)
(0.606603 -0.25901 1.03149e-15)
(0.648407 -0.271004 9.60099e-16)
(0.685178 -0.263537 7.05437e-16)
(0.728545 -0.218905 4.61509e-16)
(0.422792 0.16495 2.18143e-16)
(0.37819 0.18759 3.17125e-16)
(0.37154 0.178948 4.26804e-16)
(0.359234 0.161677 5.74379e-16)
(0.349399 0.140875 8.45554e-16)
(0.338848 0.120454 9.30645e-16)
(0.328496 0.101482 1.10974e-15)
(0.318459 0.0844658 1.18497e-15)
(0.309139 0.0694127 1.29988e-15)
(0.300778 0.0561635 1.48832e-15)
(0.293568 0.0444649 1.57329e-15)
(0.287633 0.0340388 1.73522e-15)
(0.28306 0.0246019 1.64419e-15)
(0.279906 0.015877 1.48956e-15)
(0.278224 0.00760029 1.50333e-15)
(0.278071 -0.000476877 1.40241e-15)
(0.279517 -0.00859519 1.45253e-15)
(0.28265 -0.0169858 1.38656e-15)
(0.28758 -0.0258713 1.3256e-15)
(0.294433 -0.0354694 1.29987e-15)
(0.303351 -0.0459962 1.3238e-15)
(0.314481 -0.0576656 1.36691e-15)
(0.327962 -0.0706846 1.39099e-15)
(0.343911 -0.0852585 1.41586e-15)
(0.362408 -0.101578 1.49079e-15)
(0.383455 -0.119797 1.37769e-15)
(0.406955 -0.139999 1.27351e-15)
(0.432662 -0.162145 1.19075e-15)
(0.460157 -0.185944 1.12808e-15)
(0.488727 -0.210698 1.06564e-15)
(0.517608 -0.234862 1.02369e-15)
(0.545357 -0.255621 1.00756e-15)
(0.572284 -0.266563 9.3757e-16)
(0.592144 -0.258235 6.67118e-16)
(0.615874 -0.20968 4.10527e-16)
(0.338071 0.160473 2.10088e-16)
(0.310359 0.181578 2.96066e-16)
(0.319563 0.170895 3.99349e-16)
(0.319409 0.154761 5.29226e-16)
(0.318036 0.135468 8.00784e-16)
(0.313778 0.116499 9.29361e-16)
(0.308115 0.0987154 1.07047e-15)
(0.301643 0.0826095 1.20544e-15)
(0.295043 0.0682176 1.31736e-15)
(0.28876 0.0554268 1.45143e-15)
(0.28313 0.0440285 1.58227e-15)
(0.278379 0.0337832 1.8122e-15)
(0.274667 0.024438 1.68095e-15)
(0.272106 0.0157393 1.45519e-15)
(0.270785 0.00744063 1.43615e-15)
(0.270785 -0.00069416 1.35935e-15)
(0.27219 -0.00889656 1.38698e-15)
(0.275092 -0.0173902 1.383e-15)
(0.279595 -0.0263905 1.31745e-15)
(0.285811 -0.0361073 1.28641e-15)
(0.29386 -0.0467469 1.32194e-15)
(0.303854 -0.0585091 1.37954e-15)
(0.315883 -0.0715825 1.4026e-15)
(0.330002 -0.0861472 1.41539e-15)
(0.346205 -0.102361 1.45603e-15)
(0.364385 -0.120334 1.38148e-15)
(0.384297 -0.140098 1.27405e-15)
(0.405502 -0.161546 1.18444e-15)
(0.427311 -0.184319 1.11868e-15)
(0.448645 -0.207656 1.04454e-15)
(0.468175 -0.230003 1.00055e-15)
(0.483804 -0.24866 1.00028e-15)
(0.494613 -0.257496 9.44337e-16)
(0.494956 -0.247677 6.29009e-16)
(0.494523 -0.195918 3.68953e-16)
(0.246454 0.146593 2.14663e-16)
(0.242543 0.168427 2.7601e-16)
(0.268926 0.158335 3.69984e-16)
(0.281223 0.144837 4.68733e-16)
(0.287921 0.127931 7.80362e-16)
(0.28957 0.110931 9.25715e-16)
(0.288287 0.0946794 1.03821e-15)
(0.285154 0.0797294 1.23183e-15)
(0.28111 0.0661843 1.33616e-15)
(0.276792 0.0539969 1.42087e-15)
(0.27266 0.0430146 1.58363e-15)
(0.269037 0.0330432 1.9321e-15)
(0.266147 0.0238656 1.73147e-15)
(0.264152 0.0152549 1.40246e-15)
(0.263173 0.00698426 1.38334e-15)
(0.263313 -0.00116753 1.31007e-15)
(0.264666 -0.00942099 1.33262e-15)
(0.267328 -0.0179909 1.39098e-15)
(0.271399 -0.0270839 1.30928e-15)
(0.276976 -0.0369 1.27041e-15)
(0.284155 -0.0476334 1.32223e-15)
(0.293017 -0.0594674 1.3988e-15)
(0.303606 -0.0725682 1.41745e-15)
(0.315917 -0.0870862 1.4156e-15)
(0.329862 -0.103139 1.44211e-15)
(0.34523 -0.120783 1.39328e-15)
(0.36164 -0.13998 1.2765e-15)
(0.378467 -0.16053 1.1797e-15)
(0.39476 -0.181957 1.11335e-15)
(0.409072 -0.203357 1.0289e-15)
(0.419458 -0.223033 9.7663e-16)
(0.422969 -0.238145 1.01231e-15)
(0.416636 -0.242723 9.79193e-16)
(0.393988 -0.227968 5.78981e-16)
(0.363249 -0.168234 3.27293e-16)
(1.82899 -0.00435807 -2.06917e-16)
(1.79257 0.000403763 1.25076e-15)
(1.79416 0.00117558 1.72632e-16)
(1.70818 0.00153458 -3.85468e-16)
(1.67861 0.00135792 -6.80188e-17)
(1.61152 0.0014338 8.55657e-17)
(1.57492 0.001308 4.49734e-17)
(1.52045 0.00132983 2.71647e-16)
(1.48212 0.00124767 2.0765e-16)
(1.43573 0.00124349 -7.67659e-18)
(1.3981 0.00118586 1.53154e-16)
(1.3573 0.00116898 1.57162e-17)
(1.32147 0.00112553 4.34717e-16)
(1.2848 0.00110326 1.6755e-16)
(1.25119 0.00106804 9.22638e-17)
(1.21781 0.00104396 3.02708e-16)
(1.18648 0.00101398 2.52814e-16)
(1.15585 0.000989991 8.29243e-17)
(1.12672 0.000963609 1.01729e-16)
(1.09845 0.000940391 -7.94397e-17)
(1.07139 0.000916513 -4.25465e-17)
(1.04521 0.000894621 2.41379e-16)
(1.02006 0.000872806 -1.52445e-16)
(0.995738 0.000852133 -6.69967e-17)
(0.972329 0.000832041 -8.06804e-17)
(0.94969 0.00081261 1.54044e-16)
(0.927883 0.000794184 6.98971e-17)
(0.906752 0.000775689 1.93795e-16)
(0.886429 0.000758901 4.45209e-17)
(0.866646 0.000740991 -2.22582e-17)
(0.84772 0.000726367 2.66003e-18)
(0.829099 0.000707985 1.40453e-17)
(0.811557 0.000696845 -6.01879e-18)
(0.793839 0.000675389 -1.31305e-17)
(0.777828 0.000670834 9.84683e-18)
(0.760563 0.000638709 1.82329e-18)
(0.746678 0.000641337 -2.18771e-18)
(0.729283 0.000565615 3.19006e-18)
(0.719849 0.000527601 -4.19217e-18)
(0.703725 0.000355611 -7.76901e-18)
(1.82223 -0.0113658 -6.42736e-16)
(1.78477 0.00100155 3.46532e-15)
(1.78623 0.0031361 4.6611e-16)
(1.7005 0.00398799 -2.05492e-16)
(1.67112 0.00358912 -1.84358e-16)
(1.60429 0.00374049 2.63189e-16)
(1.56789 0.00344532 1.14913e-16)
(1.51364 0.00347727 7.37322e-16)
(1.47549 0.00328008 5.49294e-16)
(1.4293 0.00325586 -3.87912e-17)
(1.39185 0.00311425 4.22343e-16)
(1.35122 0.00306314 1.60903e-16)
(1.31556 0.00295406 2.39063e-16)
(1.27905 0.00289212 3.68979e-16)
(1.24559 0.00280226 2.46239e-16)
(1.21236 0.00273735 8.48382e-16)
(1.18118 0.00265992 1.19524e-15)
(1.15068 0.00259614 2.33272e-16)
(1.12168 0.00252752 2.7834e-16)
(1.09354 0.00246623 -2.54961e-16)
(1.0666 0.00240388 3.14933e-16)
(1.04054 0.00234624 1.35391e-16)
(1.01549 0.00228915 3.04584e-19)
(0.991284 0.00223486 -1.74942e-16)
(0.96798 0.00218219 -2.43704e-16)
(0.945442 0.00213125 1.36335e-16)
(0.923733 0.00208282 2.05245e-16)
(0.902696 0.00203447 3.16537e-16)
(0.882464 0.00199016 9.9758e-17)
(0.86277 0.00194362 -5.80761e-17)
(0.843929 0.00190459 1.91055e-16)
(0.825391 0.00185741 1.6563e-17)
(0.807928 0.00182654 -4.52704e-17)
(0.790288 0.00177291 -5.61934e-17)
(0.77435 0.00175676 3.55291e-17)
(0.75716 0.0016792 1.43669e-16)
(0.743338 0.00167562 4.32492e-17)
(0.726006 0.00149389 -6.22009e-18)
(0.716608 0.00136885 -1.77451e-17)
(0.70048 0.000955176 -3.05403e-18)
(1.80714 -0.0178326 -2.16821e-15)
(1.76753 0.00149547 4.36564e-15)
(1.76878 0.00506921 7.11554e-16)
(1.68361 0.00622951 -6.29161e-17)
(1.65465 0.00572752 -3.05523e-16)
(1.58838 0.00587082 5.05347e-16)
(1.55241 0.00547409 1.82107e-16)
(1.49865 0.00547385 1.43979e-17)
(1.46092 0.005199 8.43673e-16)
(1.41516 0.00513416 -5.31796e-17)
(1.3781 0.00492951 5.56342e-17)
(1.33785 0.004835 3.68261e-16)
(1.30256 0.00467241 1.38747e-15)
(1.2664 0.00456756 1.67105e-15)
(1.23328 0.00443051 3.86132e-16)
(1.20037 0.0043244 2.00342e-15)
(1.1695 0.00420452 8.36926e-16)
(1.1393 0.00410199 3.70151e-16)
(1.1106 0.00399477 1.21895e-16)
(1.08273 0.00389704 -1.38535e-16)
(1.05606 0.00379912 6.95389e-16)
(1.03025 0.0037076 6.7674e-16)
(1.00546 0.00361767 8.02778e-17)
(0.981486 0.00353171 2.4367e-17)
(0.958413 0.00344851 -7.75494e-17)
(0.936098 0.00336805 3.38927e-16)
(0.914604 0.00329138 1.80134e-16)
(0.893775 0.00321525 2.79553e-16)
(0.873744 0.00314472 1.39064e-16)
(0.854243 0.00307201 -1.16595e-16)
(0.83559 0.003009 2.54979e-16)
(0.817234 0.00293652 1.4384e-17)
(0.799945 0.00288444 -8.92862e-17)
(0.782477 0.00280494 4.12151e-17)
(0.766701 0.00277114 7.77546e-17)
(0.749673 0.00266191 3.07353e-17)
(0.735994 0.00263584 5.64406e-17)
(0.718798 0.00238256 8.68023e-18)
(0.709486 0.00213599 7.23104e-19)
(0.693358 0.00155626 9.36666e-18)
(1.78415 -0.0243115 -9.56952e-16)
(1.74131 0.00204629 1.9221e-15)
(1.74227 0.00702794 9.86905e-16)
(1.65795 0.00847124 3.77391e-17)
(1.62964 0.00787237 -4.35688e-16)
(1.56421 0.00800048 8.0477e-16)
(1.5289 0.007507 -2.03404e-16)
(1.47587 0.00747092 6.89047e-16)
(1.43877 0.00712103 6.55103e-16)
(1.39367 0.00701365 -9.39518e-17)
(1.3572 0.00674715 -1.88877e-16)
(1.31755 0.00660831 -1.05347e-15)
(1.2828 0.00639282 1.2061e-15)
(1.24719 0.0062446 6.94948e-16)
(1.21458 0.00606063 5.06764e-16)
(1.18216 0.00591306 2.35574e-15)
(1.15176 0.00575081 1.01066e-15)
(1.12202 0.00560942 2.8456e-16)
(1.09375 0.00546365 9.26995e-18)
(1.0663 0.00532938 -6.93766e-17)
(1.04004 0.00519592 8.32275e-16)
(1.01463 0.00507044 2.22611e-16)
(0.990207 0.00494765 1.22574e-16)
(0.966601 0.00483 1.76714e-16)
(0.943879 0.00471624 5.89935e-16)
(0.921902 0.00460622 2.34821e-16)
(0.900734 0.00450135 1.88849e-16)
(0.880221 0.0043974 1.70215e-16)
(0.860495 0.00430056 1.7194e-16)
(0.841289 0.00420173 -1.95022e-16)
(0.82292 0.00411464 -5.63337e-17)
(0.804842 0.00401697 3.98084e-18)
(0.787818 0.00394347 -1.26243e-16)
(0.77061 0.00383837 1.31646e-17)
(0.755081 0.00378649 4.56058e-17)
(0.738297 0.00364651 2.67279e-17)
(0.724838 0.00359746 4.37136e-17)
(0.707847 0.0032758 1.78342e-17)
(0.698669 0.00290787 2.42911e-17)
(0.682543 0.00216614 2.50183e-17)
(1.75325 -0.0305147 -2.00777e-15)
(1.70617 0.00267277 2.33479e-15)
(1.70676 0.00891356 1.26778e-15)
(1.6236 0.0106165 1.05851e-16)
(1.59614 0.00991493 -2.0974e-16)
(1.53185 0.0100328 3.46572e-16)
(1.49743 0.00944352 -5.31177e-16)
(1.44538 0.00937584 1.56573e-16)
(1.40913 0.00895252 2.87862e-16)
(1.3649 0.00880592 -1.49819e-16)
(1.32922 0.0084795 -4.17882e-16)
(1.29036 0.00829911 1.60491e-16)
(1.25635 0.00803273 8.31491e-16)
(1.22146 0.00784345 1.86875e-15)
(1.18953 0.00761456 6.06882e-16)
(1.15778 0.00742763 2.55167e-15)
(1.12801 0.00722487 1.17603e-15)
(1.09888 0.00704651 4.09855e-16)
(1.0712 0.00686391 -7.03037e-17)
(1.04432 0.00669489 -2.27484e-17)
(1.0186 0.00652748 8.35127e-16)
(0.993705 0.00636976 1.23768e-15)
(0.969792 0.00621557 1.53733e-16)
(0.946672 0.00606757 1.36593e-16)
(0.924419 0.00592487 9.7768e-17)
(0.902896 0.00578665 7.98425e-17)
(0.882165 0.00565473 2.06792e-16)
(0.862075 0.00552442 9.57765e-17)
(0.842756 0.00540253 2.03338e-16)
(0.823946 0.00527858 -2.11663e-16)
(0.805958 0.00516876 1.44533e-16)
(0.78825 0.00504695 2.52599e-16)
(0.771581 0.00495325 -3.86879e-17)
(0.754722 0.00482331 -2.38206e-16)
(0.739522 0.00475491 -1.22979e-17)
(0.723067 0.00458504 1.05373e-17)
(0.709903 0.00451631 3.65295e-17)
(0.693188 0.00412946 2.33539e-17)
(0.684193 0.00365373 4.45313e-17)
(0.668072 0.00275332 3.80948e-17)
(1.7143 -0.0362821 -8.55633e-16)
(1.66211 0.00338197 1.86732e-15)
(1.66226 0.0106825 8.69339e-16)
(1.58058 0.0126088 1.50834e-16)
(1.5542 0.0118018 -5.58841e-17)
(1.49134 0.0119135 3.6406e-16)
(1.45801 0.0112326 -8.09116e-16)
(1.40721 0.0111381 -2.65075e-16)
(1.37201 0.0106448 2.61277e-16)
(1.32888 0.0104636 -1.92743e-16)
(1.29419 0.0100809 -6.28107e-16)
(1.25632 0.00986264 2.99796e-16)
(1.22324 0.0095488 5.76507e-16)
(1.18925 0.00932187 1.08677e-16)
(1.15817 0.00905096 1.14962e-15)
(1.12725 0.00882806 1.71666e-15)
(1.09828 0.00858778 1.33368e-15)
(1.06991 0.00837522 3.85002e-16)
(1.04296 0.00815857 -1.55115e-16)
(1.01679 0.00795748 1.54899e-16)
(0.991747 0.00775844 7.59053e-16)
(0.96751 0.00757108 7.13447e-16)
(0.944228 0.00738786 1.62633e-16)
(0.921719 0.00721194 -2.09872e-16)
(0.900053 0.00704232 1.61515e-16)
(0.879097 0.00687806 -4.82925e-17)
(0.858914 0.00672107 4.46301e-18)
(0.839353 0.00656644 4.21369e-17)
(0.820545 0.00642143 1.7203e-16)
(0.80223 0.00627429 5.81861e-17)
(0.784718 0.00614342 9.10348e-17)
(0.767474 0.00599917 4.88118e-17)
(0.751251 0.00588688 -1.08078e-16)
(0.734827 0.00573391 -1.04563e-16)
(0.720041 0.00565074 6.72748e-17)
(0.703996 0.00545277 -7.89956e-18)
(0.691203 0.00536847 3.22586e-17)
(0.674836 0.00492185 2.77117e-17)
(0.666074 0.00435564 7.11828e-17)
(0.649969 0.00330528 3.7926e-17)
(1.66712 -0.0415005 -8.082e-16)
(1.60909 0.00417792 1.53059e-15)
(1.60878 0.0123042 5.85703e-16)
(1.52894 0.0144076 1.91779e-16)
(1.50382 0.013496 9.16319e-16)
(1.44269 0.0136044 -3.73194e-16)
(1.41068 0.0128389 -1.07863e-15)
(1.36137 0.0127219 -5.01089e-16)
(1.32743 0.0121647 2.39246e-16)
(1.28562 0.0119531 -2.46406e-16)
(1.25212 0.0115192 -5.87766e-16)
(1.21545 0.0112675 2.44636e-16)
(1.18347 0.0109106 3.80525e-16)
(1.15056 0.0106502 8.85925e-16)
(1.12051 0.0103415 6.66402e-16)
(1.09059 0.0100862 2.56881e-15)
(1.06256 0.00981208 1.90149e-15)
(1.03512 0.00956892 2.49642e-16)
(1.00905 0.00932163 -1.25047e-16)
(0.983725 0.00909178 1.8934e-16)
(0.959502 0.00886449 7.23548e-16)
(0.936052 0.00865029 7.0277e-16)
(0.913529 0.00844099 1.73034e-16)
(0.891751 0.00824009 2.59587e-16)
(0.870792 0.00804621 6.25995e-16)
(0.850517 0.00785856 -1.06932e-16)
(0.830992 0.00767925 1.37766e-16)
(0.812066 0.00750241 -1.10213e-17)
(0.793871 0.00733681 1.02943e-16)
(0.77615 0.0071689 5.4172e-17)
(0.75921 0.00701908 5.28484e-17)
(0.742523 0.00685459 1.23462e-17)
(0.726834 0.00672587 -7.18502e-17)
(0.710935 0.00655194 -8.02402e-17)
(0.696645 0.00645596 -4.62241e-17)
(0.681094 0.00623244 8.23459e-17)
(0.668745 0.00613692 2.99971e-17)
(0.652802 0.0056379 3.21822e-17)
(0.644325 0.00500122 4.8541e-17)
(0.628254 0.00381351 3.74073e-17)
(1.61149 -0.0460642 -7.76635e-16)
(1.54708 0.00505902 1.17971e-15)
(1.54632 0.0137479 3.58739e-16)
(1.46868 0.0159755 2.38178e-16)
(1.44502 0.014963 -2.23578e-17)
(1.38593 0.0150703 1.03694e-16)
(1.35544 0.0142294 -1.35801e-15)
(1.30788 0.0140943 -4.91829e-16)
(1.2754 0.0134815 3.29981e-17)
(1.23514 0.0132436 -3.05043e-16)
(1.20303 0.0127648 -5.76686e-16)
(1.16774 0.0124846 2.34486e-16)
(1.13705 0.0120902 2.16977e-16)
(1.10542 0.0118009 5.55246e-16)
(1.07657 0.0114595 2.56852e-16)
(1.04781 0.0111762 1.6945e-15)
(1.02089 0.0108726 1.45118e-15)
(0.994512 0.0106033 2.20763e-16)
(0.969472 0.0103291 -9.20958e-19)
(0.94514 0.0100744 2.29248e-16)
(0.92187 0.00982277 6.17579e-16)
(0.89934 0.00958525 5.74308e-16)
(0.877702 0.00935337 2.82923e-16)
(0.856778 0.00913069 -8.85819e-17)
(0.836642 0.00891594 2.43047e-16)
(0.817162 0.00870803 -4.10785e-17)
(0.798404 0.00850955 6.89362e-17)
(0.780221 0.00831338 -1.07437e-16)
(0.762741 0.00812985 1.83591e-18)
(0.745713 0.00794385 -1.51494e-16)
(0.729442 0.00777776 7.08005e-17)
(0.713404 0.00759563 -2.24247e-17)
(0.698338 0.00745295 -2.11251e-17)
(0.683052 0.00726042 -5.71879e-17)
(0.66934 0.00715404 -3.48914e-17)
(0.654367 0.00690817 -2.60964e-17)
(0.642537 0.00680584 2.91656e-17)
(0.627096 0.00626324 3.70983e-17)
(0.618956 0.00557857 5.08654e-17)
(0.602949 0.00426937 3.9508e-17)
(1.54712 -0.0498647 -7.757e-16)
(1.47604 0.00601472 1.25317e-15)
(1.47486 0.0149806 1.61415e-16)
(1.39983 0.0172745 2.78389e-16)
(1.37781 0.0161676 -1.0396e-16)
(1.32107 0.016276 -1.64568e-16)
(1.29229 0.0153714 -1.4506e-15)
(1.24675 0.0152227 -4.76564e-16)
(1.21594 0.0145624 -1.37899e-16)
(1.17746 0.0143044 -3.63311e-16)
(1.14692 0.0137884 -5.88148e-16)
(1.11323 0.0134848 2.53806e-16)
(1.08401 0.0130593 6.37869e-17)
(1.05383 0.0127465 4.69133e-16)
(1.02634 0.0123782 7.16802e-16)
(0.998909 0.0120719 1.87268e-15)
(0.973256 0.011744 1.41605e-15)
(0.948105 0.0114532 1.97716e-16)
(0.92424 0.0111572 1.37132e-17)
(0.901042 0.0108819 2.62544e-16)
(0.87886 0.0106101 5.40558e-16)
(0.85738 0.0103536 4.57518e-16)
(0.836754 0.0101033 2.42861e-16)
(0.816806 0.00986257 1.94417e-16)
(0.797611 0.00963065 2.76401e-16)
(0.77904 0.00940609 -2.42068e-16)
(0.761159 0.00919187 2.27347e-17)
(0.743824 0.0089799 -1.56723e-16)
(0.727162 0.00878158 -3.63134e-17)
(0.710926 0.00858069 -1.27108e-16)
(0.695418 0.00840145 4.43358e-17)
(0.680124 0.00820453 1.1812e-16)
(0.66577 0.00805054 -1.66002e-18)
(0.651183 0.00784247 -4.48782e-17)
(0.638132 0.00772841 -2.01637e-17)
(0.623822 0.00746356 -3.4601e-17)
(0.612584 0.00735934 2.92103e-17)
(0.597726 0.006783 4.18289e-17)
(0.589981 0.00607499 4.98365e-17)
(0.574078 0.00466359 3.84343e-17)
(1.47367 -0.0527898 -7.93911e-16)
(1.39593 0.00702379 1.01121e-15)
(1.39438 0.0159651 -4.33046e-17)
(1.32241 0.0182665 3.10106e-16)
(1.30219 0.0170751 -1.75002e-16)
(1.24814 0.0171867 -3.64393e-16)
(1.22126 0.0162309 -1.38975e-15)
(1.178 0.0160741 -5.13395e-16)
(1.14905 0.0153768 -2.91866e-16)
(1.11257 0.0151045 -4.19433e-16)
(1.0838 0.0145599 -6.16766e-16)
(1.05191 0.0142391 2.9509e-16)
(1.02434 0.0137897 -8.58147e-17)
(0.995792 0.0134598 4.04479e-16)
(0.96984 0.0130706 2.82054e-16)
(0.943908 0.0127471 1.70877e-15)
(0.919678 0.0124012 1.33815e-15)
(0.895906 0.0120937 2.51475e-16)
(0.87336 0.0117817 1.11523e-16)
(0.851437 0.0114907 2.2198e-16)
(0.83048 0.0112037 4.02361e-16)
(0.810182 0.010933 3.38303e-16)
(0.790693 0.0106686 2.18182e-16)
(0.771844 0.0104146 1.27674e-16)
(0.753707 0.0101695 2.28655e-16)
(0.736158 0.00993237 -2.75608e-16)
(0.719263 0.00970633 -1.4124e-17)
(0.702881 0.0094823 -2.07877e-16)
(0.687139 0.00927319 -1.78487e-16)
(0.671795 0.00906081 -1.24003e-16)
(0.657145 0.0088717 1.68636e-16)
(0.642688 0.0086637 -2.4492e-17)
(0.629133 0.00850132 1.59471e-17)
(0.615335 0.00828109 -2.09021e-17)
(0.603025 0.00816224 -1.27284e-17)
(0.589463 0.00788238 -4.46985e-17)
(0.578891 0.00778134 3.06413e-17)
(0.564703 0.007182 4.68276e-17)
(0.557408 0.00647671 5.02262e-17)
(0.541669 0.00498622 3.73039e-17)
(1.39073 -0.0547226 -8.32233e-16)
(1.30671 0.00805218 8.06666e-16)
(1.30488 0.0166623 1.36419e-16)
(1.23645 0.0189119 3.328e-16)
(1.21816 0.0176504 -2.2909e-16)
(1.16714 0.0177668 -5.1945e-16)
(1.14235 0.016775 -1.34022e-15)
(1.10164 0.0166159 -5.56171e-16)
(1.07474 0.0158932 -4.2664e-16)
(1.0405 0.0156133 -4.74006e-16)
(1.01368 0.015049 -6.61233e-16)
(0.983796 0.0147186 3.52203e-16)
(0.958057 0.0142533 -2.38525e-16)
(0.931328 0.0139131 3.54019e-16)
(0.907079 0.01351 3.77657e-16)
(0.882811 0.0131763 1.59883e-15)
(0.860162 0.0128187 1.5504e-15)
(0.837923 0.0125006 8.39031e-17)
(0.816842 0.0121783 5.64717e-16)
(0.796335 0.0118774 1.88964e-16)
(0.776737 0.0115809 2.84228e-16)
(0.757753 0.011301 5.08033e-16)
(0.739527 0.0110278 2.04339e-16)
(0.721898 0.0107651 7.69447e-17)
(0.704936 0.010512 1.91786e-16)
(0.688522 0.0102666 -3.10097e-16)
(0.672722 0.0100333 -5.79361e-17)
(0.6574 0.00980137 -2.2791e-16)
(0.642679 0.00958563 -2.01496e-17)
(0.628326 0.00936576 -9.09269e-17)
(0.614628 0.00917058 -3.24087e-18)
(0.6011 0.00895522 -9.47922e-18)
(0.588434 0.00878806 3.19059e-17)
(0.575513 0.00855956 8.69589e-17)
(0.564025 0.00843861 -3.14628e-18)
(0.551298 0.00814876 -3.76217e-17)
(0.541463 0.00805527 2.49568e-17)
(0.528035 0.00744485 4.93109e-17)
(0.521251 0.0067689 5.24482e-17)
(0.505754 0.00522619 3.61813e-17)
(1.29782 -0.0555482 -8.74941e-16)
(1.20831 0.00904996 6.39399e-16)
(1.20632 0.0170324 2.7952e-16)
(1.14196 0.0191705 3.32785e-16)
(1.12573 0.0178593 -8.02159e-16)
(1.0781 0.0179807 -6.56914e-16)
(1.05556 0.0169721 -1.24747e-15)
(1.01769 0.0168147 -6.03259e-16)
(0.993028 0.0160807 -5.51389e-16)
(0.961266 0.0157999 -3.96334e-16)
(0.936579 0.0152267 -5.81733e-16)
(0.908903 0.0148942 2.93048e-16)
(0.885172 0.0144225 -2.64788e-16)
(0.860444 0.0140785 3.18642e-16)
(0.838065 0.0136706 4.49408e-16)
(0.81563 0.0133333 1.19569e-15)
(0.794717 0.0129708 1.38855e-15)
(0.774163 0.0126494 3.58024e-16)
(0.754692 0.0123233 6.22657e-16)
(0.735743 0.0120185 2.22051e-16)
(0.71764 0.0117189 1.8625e-16)
(0.7001 0.0114355 1.41473e-16)
(0.683262 0.011159 1.94163e-16)
(0.666974 0.0108932 3.28908e-17)
(0.651305 0.0106374 1.65857e-16)
(0.63614 0.0103887 -3.26546e-16)
(0.621543 0.0101529 -6.54136e-17)
(0.607386 0.00991807 -2.19325e-16)
(0.593788 0.00969977 -3.78181e-17)
(0.580524 0.0094773 -6.27798e-17)
(0.567874 0.00928017 1.06235e-16)
(0.555368 0.00906148 -2.60539e-18)
(0.543677 0.00889339 4.81686e-17)
(0.531723 0.00866102 5.6071e-17)
(0.521136 0.00854095 6.06804e-18)
(0.509331 0.00824649 -3.57787e-17)
(0.500304 0.00816471 2.12292e-17)
(0.487734 0.00755555 2.02881e-17)
(0.48152 0.00693567 5.49395e-17)
(0.466371 0.00537122 3.49154e-17)
(1.19441 -0.0551384 -1.17139e-15)
(1.10071 0.0099487 5.08722e-16)
(1.0987 0.0170305 4.0371e-16)
(1.03898 0.0190017 2.67253e-16)
(1.0249 0.0176681 -2.46429e-16)
(0.981043 0.0177934 -6.71262e-16)
(0.960896 0.0167892 -1.16219e-15)
(0.92617 0.0166381 -5.37661e-16)
(0.903913 0.0159082 -5.45073e-16)
(0.874869 0.0156335 -3.20929e-16)
(0.852499 0.0150643 -5.23898e-16)
(0.827241 0.0147368 2.53079e-16)
(0.805692 0.0142692 -1.76947e-16)
(0.783153 0.0139295 2.94826e-16)
(0.762808 0.0135253 5.06302e-16)
(0.742372 0.0131921 1.45453e-15)
(0.72335 0.0128331 9.0385e-16)
(0.704635 0.0125156 4.06783e-16)
(0.68692 0.0121929 3.78656e-16)
(0.669669 0.0118909 1.88167e-16)
(0.653195 0.0115947 1.551e-16)
(0.637229 0.0113145 5.64144e-17)
(0.621907 0.0110408 1.89355e-16)
(0.607081 0.010778 -8.99097e-18)
(0.59282 0.0105246 1.48644e-16)
(0.579016 0.0102788 -2.7622e-16)
(0.565732 0.0100456 -6.91611e-17)
(0.552846 0.00981312 -1.87292e-16)
(0.540472 0.00959721 -4.3071e-17)
(0.528396 0.00937683 -8.7464e-17)
(0.516888 0.00918227 9.31551e-17)
(0.505498 0.00896529 1.16182e-18)
(0.494869 0.00879998 6.45461e-17)
(0.48397 0.00856865 7.59812e-17)
(0.474362 0.00845269 1.36239e-17)
(0.463569 0.00815945 -3.94189e-17)
(0.455417 0.00809299 2.00551e-17)
(0.443809 0.00749804 4.87767e-17)
(0.438226 0.00695898 5.18561e-17)
(0.423563 0.00540749 2.83778e-17)
(1.07984 -0.0533709 -4.52653e-16)
(0.983885 0.0106613 4.02174e-16)
(0.981986 0.0166095 1.69394e-16)
(0.927549 0.0183656 1.72826e-16)
(0.915673 0.0170427 -2.14035e-16)
(0.875991 0.0171696 -7.0088e-16)
(0.85837 0.0161937 -1.09676e-15)
(0.82709 0.0160537 -4.74476e-16)
(0.807405 0.0153451 -5.42381e-16)
(0.781328 0.0150835 -2.48679e-16)
(0.761448 0.014532 -4.82375e-16)
(0.738822 0.0142178 1.17404e-16)
(0.719626 0.0137654 -1.11484e-16)
(0.699463 0.0134389 2.76439e-16)
(0.681318 0.0130479 5.60151e-16)
(0.663048 0.0127272 9.7195e-16)
(0.646071 0.0123805 4.68494e-16)
(0.629349 0.0120744 3.13567e-16)
(0.613533 0.0117628 4.03133e-16)
(0.598121 0.0114717 1.55089e-16)
(0.583411 0.011186 1.26366e-16)
(0.569149 0.0109157 1.92343e-17)
(0.555466 0.0106518 1.36874e-16)
(0.542225 0.0103981 -5.15516e-17)
(0.529489 0.0101537 1.40163e-16)
(0.517159 0.00991655 -2.45166e-16)
(0.505297 0.00969165 -6.94712e-17)
(0.493786 0.00946721 -1.61947e-16)
(0.482737 0.00925919 -4.32289e-17)
(0.471949 0.00904623 -7.82059e-17)
(0.461675 0.00885901 -2.37766e-17)
(0.451494 0.00864903 9.8302e-19)
(0.442014 0.00849064 1.38213e-16)
(0.43226 0.00826583 9.30384e-17)
(0.42371 0.00815721 1.88673e-17)
(0.414019 0.00787174 -2.45158e-17)
(0.406807 0.00782283 2.07105e-17)
(0.396272 0.00725595 4.77108e-17)
(0.391375 0.00681876 4.52179e-17)
(0.377379 0.00531949 2.77541e-17)
(0.95339 -0.0501141 -2.38304e-16)
(0.857808 0.0110749 3.1471e-16)
(0.856165 0.015721 6.66551e-16)
(0.8077 0.0172213 3.43753e-17)
(0.798042 0.0159492 -1.7401e-16)
(0.762971 0.0160739 -3.11592e-16)
(0.747984 0.0151541 -6.26426e-16)
(0.720471 0.0150286 -4.07353e-16)
(0.703514 0.0143613 -5.44496e-16)
(0.680662 0.0141194 -1.77445e-16)
(0.66344 0.0136007 -4.55531e-16)
(0.643659 0.0133085 1.03147e-18)
(0.626983 0.0128839 -6.52716e-17)
(0.609383 0.0125791 2.60289e-16)
(0.5936 0.0122127 6.21583e-16)
(0.577668 0.011913 7.66356e-16)
(0.562889 0.011588 5.5707e-16)
(0.548312 0.0113019 2.4231e-16)
(0.534538 0.0110101 5.98809e-16)
(0.521108 0.0107379 1.20974e-16)
(0.508297 0.0104702 -3.98335e-18)
(0.49587 0.0102173 -3.19553e-17)
(0.483951 0.00997018 9.46982e-17)
(0.472413 0.00973273 -4.01234e-17)
(0.461319 0.00950411 -7.67523e-17)
(0.450577 0.00928206 -3.37701e-16)
(0.440243 0.00907171 -6.60554e-17)
(0.430213 0.0088614 -1.42089e-16)
(0.420589 0.00866691 -3.92154e-17)
(0.411187 0.00846743 4.15025e-17)
(0.402241 0.00829254 7.94878e-17)
(0.393365 0.00809544 7.63195e-20)
(0.385118 0.00794823 8.47926e-17)
(0.376601 0.00773601 9.58199e-17)
(0.369182 0.00763787 2.05291e-17)
(0.360689 0.00736758 -1.28246e-17)
(0.354478 0.00733734 1.11765e-17)
(0.345136 0.00681259 4.0272e-17)
(0.340976 0.00649264 3.82121e-17)
(0.327879 0.0050892 2.37549e-17)
(0.814211 -0.0452369 -2.83345e-16)
(0.722486 0.0110534 2.38491e-16)
(0.721219 0.0143156 4.67092e-16)
(0.67948 0.0155276 5.25165e-16)
(0.672002 0.014356 -1.29553e-16)
(0.642011 0.0144725 -5.45893e-16)
(0.629743 0.0136394 -7.91962e-16)
(0.606337 0.0135305 -3.33963e-16)
(0.592244 0.0129265 -9.61707e-16)
(0.57288 0.0127113 -1.04904e-16)
(0.558477 0.012243 -3.37979e-17)
(0.541763 0.0119809 -3.81044e-18)
(0.527773 0.011598 -1.32733e-16)
(0.512926 0.011324 -1.66458e-16)
(0.499666 0.010994 5.64925e-16)
(0.48624 0.0107244 5.81449e-16)
(0.473811 0.0104315 4.2351e-16)
(0.461534 0.0101742 1.8507e-16)
(0.449946 0.00991163 3.20726e-16)
(0.438641 0.00966667 8.3568e-17)
(0.427861 0.00942555 -3.0268e-17)
(0.417398 0.00919791 -9.08882e-17)
(0.407367 0.00897543 6.52062e-17)
(0.397655 0.00876185 -2.56133e-17)
(0.388318 0.0085559 9.47262e-17)
(0.379275 0.00835595 -2.03297e-16)
(0.370578 0.00816682 -5.94148e-17)
(0.362133 0.00797718 -1.26637e-16)
(0.354035 0.00780254 -3.30274e-17)
(0.346118 0.00762251 -2.9074e-17)
(0.338593 0.00746549 1.12294e-19)
(0.331114 0.00728746 -1.0409e-18)
(0.324185 0.00715622 7.86826e-17)
(0.316997 0.00696315 9.86406e-17)
(0.310782 0.00687827 6.96362e-17)
(0.303585 0.00663168 -5.83887e-18)
(0.298429 0.00661946 8.60727e-18)
(0.290413 0.00615189 2.97674e-17)
(0.287033 0.00595551 1.99989e-17)
(0.27513 0.00469596 1.99843e-17)
(0.66135 -0.03861 -3.10413e-16)
(0.577943 0.0104214 1.72724e-16)
(0.577121 0.0123451 3.12046e-16)
(0.542935 0.0132429 1.23587e-16)
(0.537542 0.0122327 -8.80154e-17)
(0.513142 0.0123296 -3.7622e-16)
(0.503645 0.0116199 -5.67894e-16)
(0.484704 0.0115271 -2.58314e-16)
(0.473597 0.0110128 -4.76319e-16)
(0.458 0.0108293 -2.95443e-17)
(0.44657 0.0104308 -3.48466e-16)
(0.433149 0.010207 -1.86298e-18)
(0.422004 0.00988092 -2.05844e-16)
(0.410105 0.00964779 1.25828e-16)
(0.399525 0.00936647 5.31827e-16)
(0.388776 0.00913682 4.17228e-16)
(0.378849 0.00888743 3.0109e-16)
(0.369026 0.008668 1.36479e-16)
(0.359765 0.00844438 2.24354e-16)
(0.350723 0.00823578 4.52595e-17)
(0.342107 0.00803017 -1.18986e-17)
(0.333739 0.00783633 -1.14444e-16)
(0.32572 0.00764699 -1.40656e-16)
(0.317955 0.00746481 -1.98758e-16)
(0.310491 0.00728965 4.95416e-17)
(0.30326 0.00711895 -1.64125e-16)
(0.296307 0.00695811 -4.89075e-17)
(0.289555 0.00679637 -1.14627e-16)
(0.283082 0.00664776 -2.42136e-17)
(0.276749 0.00649409 -3.08996e-17)
(0.270737 0.0063608 2.12176e-17)
(0.264749 0.00620834 -4.80018e-18)
(0.25922 0.00609768 7.59178e-17)
(0.253455 0.00593165 8.08785e-17)
(0.248515 0.0058621 2.13497e-17)
(0.242714 0.00564927 -2.08294e-18)
(0.238662 0.00565161 6.57671e-18)
(0.232115 0.0052579 2.1713e-17)
(0.229542 0.00517798 2.53684e-17)
(0.219212 0.00411634 1.51173e-17)
(0.493728 -0.0301069 -3.29173e-16)
(0.424235 0.00894997 1.15003e-16)
(0.423848 0.00975259 1.86383e-16)
(0.398117 0.0103164 1.0128e-16)
(0.394648 0.00954321 -4.95502e-17)
(0.376393 0.00960078 -2.31301e-16)
(0.369681 0.00905953 -3.79505e-16)
(0.355597 0.0089794 -1.82295e-16)
(0.347582 0.00858416 -3.25063e-16)
(0.336042 0.00843733 -3.61383e-17)
(0.327725 0.00812951 -2.69202e-16)
(0.317827 0.00795318 4.3703e-18)
(0.309684 0.00770041 -1.96715e-16)
(0.300929 0.00751813 4.70444e-18)
(0.293184 0.007299 4.36248e-16)
(0.285282 0.00712008 8.8517e-17)
(0.278007 0.00692583 1.88997e-16)
(0.270794 0.00675474 9.28763e-17)
(0.264003 0.00658064 1.38117e-16)
(0.257366 0.00641805 8.29728e-18)
(0.251045 0.00625762 -3.83815e-17)
(0.244903 0.00610686 7.09553e-17)
(0.239021 0.00595925 2.04306e-17)
(0.233322 0.00581715 -1.41965e-17)
(0.227845 0.00568083 1.79709e-16)
(0.222539 0.00554772 -1.10881e-16)
(0.217438 0.0054225 -3.53332e-17)
(0.212483 0.00529646 -8.41311e-17)
(0.207735 0.00518046 -1.39279e-17)
(0.203084 0.00506088 5.73745e-17)
(0.198677 0.00495703 4.1035e-17)
(0.194277 0.00483812 -1.14978e-17)
(0.19023 0.00475213 6.6303e-17)
(0.185984 0.00462226 5.36642e-17)
(0.182383 0.0045692 -2.60098e-17)
(0.178088 0.00440271 1.21944e-19)
(0.175176 0.00441209 5.33644e-18)
(0.170257 0.00411251 1.54798e-17)
(0.168494 0.0041205 1.90514e-17)
(0.160215 0.00331841 1.04382e-17)
(0.310207 -0.0196148 -1.86392e-16)
(0.261451 0.00635532 6.53481e-17)
(0.261383 0.00644801 7.72027e-17)
(0.245089 0.00668698 6.3386e-17)
(0.243301 0.00622536 -1.38841e-17)
(0.231804 0.00622877 -1.02493e-16)
(0.227852 0.00590113 -2.15414e-16)
(0.219041 0.0058316 -1.07035e-16)
(0.214198 0.0055869 -1.87006e-16)
(0.207021 0.00548314 -3.7554e-17)
(0.201947 0.00528865 1.45356e-16)
(0.195811 0.00516991 1.45903e-17)
(0.19082 0.0050084 -1.1236e-16)
(0.185408 0.00488811 1.24766e-17)
(0.18065 0.00474696 2.57719e-16)
(0.175773 0.00462955 1.52173e-16)
(0.171296 0.00450388 8.56452e-17)
(0.166847 0.00439232 5.3136e-17)
(0.162668 0.00427943 5.79986e-17)
(0.158576 0.0041735 1.21059e-17)
(0.154683 0.00406926 -2.21934e-17)
(0.150898 0.00397115 -9.39798e-17)
(0.147274 0.00387532 4.37915e-19)
(0.143764 0.0037829 -1.28606e-17)
(0.140389 0.00369406 -3.31781e-17)
(0.137119 0.00360768 -6.37028e-17)
(0.133977 0.00352624 -2.129e-17)
(0.130923 0.00344432 -3.65585e-17)
(0.127999 0.0033688 -1.09183e-16)
(0.125131 0.00329117 -4.6386e-18)
(0.122418 0.00322339 4.2424e-17)
(0.119704 0.00314657 6.25566e-17)
(0.117218 0.00309006 1.74531e-17)
(0.11459 0.00300629 7.19844e-17)
(0.11239 0.00297098 4.59616e-17)
(0.109714 0.0028647 7.54317e-19)
(0.107967 0.00287156 -1.65494e-17)
(0.104853 0.0026875 1.05717e-17)
(0.103871 0.00273168 1.09839e-17)
(0.098251 0.00224643 5.87378e-18)
(0.109557 -0.00723701 -5.7347e-17)
(0.0897159 0.00251244 2.04128e-17)
(0.0897087 0.00231699 6.51342e-18)
(0.0839187 0.00236571 2.05963e-17)
(0.0834735 0.00220686 1.98987e-17)
(0.0794121 0.0022038 -1.47908e-17)
(0.0781471 0.00209087 -6.68763e-17)
(0.0750615 0.00206392 -3.38779e-17)
(0.0734474 0.00197895 -5.85934e-17)
(0.0709551 0.00194127 -3.63588e-17)
(0.0692398 0.00187293 -6.26856e-17)
(0.0671187 0.00183047 -2.80446e-18)
(0.0654194 0.0017735 -3.50097e-17)
(0.0635554 0.00173087 6.29049e-18)
(0.0619323 0.00168103 1.03387e-16)
(0.0602552 0.00163919 4.68328e-17)
(0.0587231 0.0015949 2.69443e-17)
(0.0571966 0.00155532 1.6652e-17)
(0.0557654 0.00151538 1.85672e-17)
(0.0543617 0.00147787 1.58641e-17)
(0.0530286 0.001441 -6.93487e-18)
(0.0517299 0.00140613 -2.70425e-17)
(0.0504883 0.00137238 -1.25768e-17)
(0.0492855 0.00133958 -2.04384e-17)
(0.0481285 0.00130808 -8.45745e-18)
(0.0470066 0.00127752 -1.99142e-17)
(0.04593 0.00124869 -6.80539e-18)
(0.0448826 0.00121968 -1.14906e-17)
(0.0438814 0.00119298 -1.32411e-17)
(0.0428969 0.00116539 -7.54661e-19)
(0.0419682 0.00114148 1.28435e-17)
(0.0410359 0.00111427 -6.60409e-18)
(0.0401875 0.00109428 2.1745e-17)
(0.0392802 0.00106449 6.06041e-18)
(0.038536 0.00105232 1.33368e-18)
(0.0376038 0.00101436 3.74776e-19)
(0.037029 0.00101871 1.45614e-18)
(0.0359204 0.000954831 3.22271e-18)
(0.0356425 0.000993238 3.4277e-18)
(0.0334552 0.000828139 1.86124e-18)
(0.0348887 -0.0374446 -6.72786e-17)
(0.0158784 -0.028285 -4.3427e-17)
(0.00950174 -0.0220316 -9.46198e-17)
(0.00704787 -0.019741 -9.00178e-17)
(0.00557797 -0.0186606 -1.66748e-17)
(0.00438102 -0.0177196 2.3296e-17)
(0.00329417 -0.0159615 5.03821e-17)
(0.00301549 -0.0103509 2.99249e-19)
(0.0117656 0.0126032 -8.3339e-17)
(0.0787912 0.0786684 2.22926e-16)
(0.0512523 -0.0588573 -3.77924e-18)
(0.0343874 -0.0512645 -3.25712e-17)
(0.0260602 -0.0442533 -8.24565e-17)
(0.0212436 -0.0388208 -1.16565e-17)
(0.0184435 -0.0329457 6.68117e-17)
(0.0178642 -0.0245776 1.42154e-16)
(0.0212864 -0.0106619 2.41754e-16)
(0.0335283 0.0144423 -9.19472e-18)
(0.0661147 0.0597319 1.08656e-16)
(0.14206 0.127227 2.318e-16)
(0.0622793 -0.0609139 2.46356e-17)
(0.0486817 -0.0556505 1.53194e-17)
(0.0404005 -0.048829 5.13446e-17)
(0.0357689 -0.0406427 6.67095e-17)
(0.0346561 -0.0296465 1.73025e-16)
(0.0383005 -0.013868 2.26555e-16)
(0.0496247 0.00926799 2.3771e-16)
(0.073888 0.0425129 2.19018e-16)
(0.119176 0.0863704 2.76216e-16)
(0.194051 0.132921 3.1832e-16)
(0.0674307 -0.0549181 7.18965e-18)
(0.0581974 -0.0501798 6.42113e-17)
(0.0526781 -0.0426722 2.61984e-16)
(0.0509703 -0.0320804 2.9944e-16)
(0.0539113 -0.0174415 3.43127e-16)
(0.0632567 0.00239187 3.39553e-16)
(0.0817884 0.0283919 3.24265e-16)
(0.113139 0.0604693 3.61406e-16)
(0.160842 0.0959154 4.10203e-16)
(0.225484 0.127687 3.17444e-16)
(0.070233 -0.0449364 1.86516e-17)
(0.065626 -0.0397736 2.73114e-16)
(0.064116 -0.0313537 4.83174e-16)
(0.0665473 -0.0192777 5.04796e-16)
(0.074124 -0.0031359 5.34285e-16)
(0.0884849 0.017309 4.14839e-16)
(0.111563 0.0417386 3.59713e-16)
(0.145135 0.0687414 5.89927e-16)
(0.189881 0.0952758 8.30804e-16)
(0.244029 0.11646 7.48983e-16)
(0.0725105 -0.0335585 1.39528e-16)
(0.0723696 -0.0277545 3.01108e-16)
(0.075083 -0.0187548 3.90532e-16)
(0.0816883 -0.00630535 3.59899e-16)
(0.093327 0.00952225 3.24822e-16)
(0.111193 0.0283215 4.89167e-16)
(0.136326 0.0491479 7.75682e-16)
(0.169217 0.0703318 8.416e-16)
(0.209271 0.0894507 9.40039e-16)
(0.254379 0.103349 9.15109e-16)
(0.0750501 -0.0225099 2.77804e-16)
(0.0789276 -0.0162544 3.80068e-16)
(0.0854816 -0.00720359 4.60295e-16)
(0.0956569 0.0046887 5.13625e-16)
(0.11033 0.0190309 4.7796e-16)
(0.130217 0.0351096 5.26122e-16)
(0.155688 0.0518281 9.09708e-16)
(0.186538 0.0677268 1.00534e-15)
(0.221765 0.0810977 1.21396e-15)
(0.259539 0.089875 9.55939e-16)
(0.0780879 -0.0128155 3.2348e-16)
(0.0853645 -0.00644648 4.93935e-16)
(0.0950898 0.00216524 5.66439e-16)
(0.107997 0.0128882 5.1017e-16)
(0.124662 0.0251794 5.14291e-16)
(0.145411 0.0382565 6.98113e-16)
(0.170208 0.0511199 7.98014e-16)
(0.198543 0.0626473 1.12551e-15)
(0.229393 0.0717012 -1.88979e-17)
(0.261306 0.0768824 1.26656e-15)
(0.0815794 -0.0049592 4.06394e-16)
(0.0915754 0.00119129 5.07588e-16)
(0.103726 0.00900924 6.24301e-16)
(0.118537 0.0182523 7.85666e-16)
(0.136325 0.0283496 9.51153e-16)
(0.157152 0.0385784 9.43956e-16)
(0.180765 0.0481297 1.06504e-15)
(0.206577 0.0562004 1.39012e-15)
(0.233687 0.0620562 1.51979e-15)
(0.260985 0.0647071 1.36301e-15)
(0.0853579 0.000950125 3.70307e-16)
(0.0974186 0.00662361 5.26959e-16)
(0.1113 0.0134447 7.0621e-16)
(0.127312 0.0211186 8.69935e-16)
(0.145578 0.0291189 1.00736e-15)
(0.166003 0.0368426 9.20976e-16)
(0.188249 0.0436775 9.88164e-16)
(0.211755 0.0490773 1.11929e-15)
(0.23578 0.0525822 1.2532e-15)
(0.25949 0.0534602 1.35096e-15)
(0.089227 0.00503381 4.50785e-16)
(0.102775 0.0100602 4.92394e-16)
(0.117806 0.0158015 5.3576e-16)
(0.134474 0.0219535 6.90565e-16)
(0.152784 0.0280698 7.3943e-16)
(0.172553 0.0336768 6.4288e-16)
(0.193441 0.0383358 7.79419e-16)
(0.214952 0.0416926 8.66399e-16)
(0.236502 0.0434753 1.25633e-15)
(0.257468 0.043113 1.5144e-15)
(0.0930074 0.00753242 3.50943e-16)
(0.107567 0.0118188 4.04842e-16)
(0.123288 0.0164767 4.59233e-16)
(0.140226 0.0212236 6.64424e-16)
(0.158307 0.0257 6.89929e-16)
(0.177329 0.029554 6.97468e-16)
(0.196973 0.0324851 7.35196e-16)
(0.216833 0.0342803 1.14041e-15)
(0.236456 0.0347949 1.6991e-15)
(0.25538 0.0335612 1.96494e-15)
(0.0965522 0.008727 2.2986e-16)
(0.111749 0.0122349 3.65469e-16)
(0.127825 0.0158516 4.68229e-16)
(0.144772 0.0193326 6.44743e-16)
(0.162485 0.0224013 7.21909e-16)
(0.180765 0.0248082 7.74587e-16)
(0.199341 0.0263617 9.57945e-16)
(0.217893 0.0269506 1.34585e-15)
(0.236075 0.0265151 1.80244e-15)
(0.25355 0.024655 1.88261e-15)
(0.0997519 0.00889093 2.91446e-16)
(0.115304 0.0116149 4.5001e-16)
(0.131501 0.0142518 6.59044e-16)
(0.1483 0.0166001 7.44967e-16)
(0.165593 0.0184576 7.78761e-16)
(0.183207 0.0196584 7.04877e-16)
(0.200924 0.0200939 9.74185e-16)
(0.218497 0.0197266 1.38038e-15)
(0.235674 0.0185561 1.46181e-15)
(0.252211 0.0162203 1.31486e-15)
(0.102527 0.00826253 2.77063e-16)
(0.118232 0.0102136 5.52109e-16)
(0.134396 0.0119313 7.9319e-16)
(0.15097 0.0132593 8.83928e-16)
(0.167857 0.0140595 9.00764e-16)
(0.184923 0.014232 6.75266e-16)
(0.202 0.0137302 7.92544e-16)
(0.218912 0.0125722 1.14291e-15)
(0.23548 0.0108012 1.40226e-15)
(0.251533 0.00806986 1.331e-15)
(0.104821 0.00703359 4.67959e-16)
(0.120538 0.00822591 7.19373e-16)
(0.13658 0.0090749 8.35333e-16)
(0.152908 0.00946777 8.11618e-16)
(0.169451 0.009319 7.76454e-16)
(0.186112 0.0085819 7.55331e-16)
(0.20278 0.00725895 8.65312e-16)
(0.219336 0.00540984 1.02738e-15)
(0.235661 0.00311046 1.15293e-15)
(0.251647 1.04364e-05 1.23369e-15)
(0.106594 0.00534737 3.67161e-16)
(0.122233 0.00579014 5.80169e-16)
(0.138112 0.00580352 7.67423e-16)
(0.154214 0.0053163 7.09419e-16)
(0.170503 0.00428626 6.97234e-16)
(0.186924 0.00270979 7.26119e-16)
(0.203416 0.000627964 8.03277e-16)
(0.219913 -0.00186598 8.91058e-16)
(0.236349 -0.0046705 1.04876e-15)
(0.252665 -0.00815548 1.24147e-15)
(0.107817 0.00330161 2.99353e-16)
(0.123321 0.00299415 4.5886e-16)
(0.139033 0.00218549 5.51922e-16)
(0.154962 0.000844007 5.81805e-16)
(0.171112 -0.00103525 6.02645e-16)
(0.18747 -0.00342109 6.39191e-16)
(0.204023 -0.00624278 6.8477e-16)
(0.220754 -0.00937814 7.08753e-16)
(0.237646 -0.0127018 1.08672e-15)
(0.254682 -0.0166223 1.43175e-15)
(0.108463 0.000955183 2.85846e-16)
(0.123808 -0.00011633 3.66215e-16)
(0.139373 -0.00175211 4.35578e-16)
(0.155205 -0.00394713 5.19579e-16)
(0.171345 -0.00667318 5.0434e-16)
(0.187827 -0.00987233 5.63845e-16)
(0.204683 -0.0134479 6.52195e-16)
(0.221944 -0.0172549 8.70019e-16)
(0.239636 -0.0211448 1.26849e-15)
(0.257786 -0.0255795 1.31023e-15)
(0.108508 -0.00166468 1.47123e-16)
(0.12369 -0.00352726 2.67716e-16)
(0.13915 -0.0060117 2.96037e-16)
(0.154976 -0.00907871 3.36715e-16)
(0.17125 -0.0126733 3.42615e-16)
(0.18805 -0.0167147 4.99973e-16)
(0.205454 -0.0210852 5.46216e-16)
(0.223541 -0.0256206 8.72425e-16)
(0.242385 -0.0301539 1.12936e-15)
(0.262058 -0.0352095 1.236e-15)
(0.107929 -0.00455487 2.04659e-16)
(0.12296 -0.0072449 3.03116e-16)
(0.138373 -0.0106116 3.91782e-16)
(0.154296 -0.0145828 4.85034e-16)
(0.170852 -0.0190827 5.58354e-16)
(0.188166 -0.0240142 6.05817e-16)
(0.206365 -0.0292431 7.3219e-16)
(0.225579 -0.0345887 9.71072e-16)
(0.245936 -0.0398688 1.20365e-15)
(0.267563 -0.0456827 1.30756e-15)
(0.1067 -0.00772594 2.69407e-16)
(0.121607 -0.0112843 3.96762e-16)
(0.13704 -0.0155713 5.59657e-16)
(0.153168 -0.0204859 7.03813e-16)
(0.170157 -0.0259364 7.30344e-16)
(0.188179 -0.031817 5.79963e-16)
(0.207416 -0.0379863 8.3822e-16)
(0.228058 -0.0442493 1.12491e-15)
(0.250299 -0.0504093 1.47758e-15)
(0.274337 -0.0571526 1.43043e-15)
(0.104797 -0.0111909 3.02032e-16)
(0.119615 -0.0156542 4.61516e-16)
(0.13514 -0.0208943 5.04938e-16)
(0.15158 -0.0267879 5.58707e-16)
(0.169143 -0.0332383 5.90363e-16)
(0.188054 -0.0401384 6.69387e-16)
(0.20856 -0.0473463 1.01108e-15)
(0.230928 -0.0546587 1.25082e-15)
(0.255436 -0.0618667 1.55629e-15)
(0.282375 -0.0697502 1.45012e-15)
(0.102197 -0.0149499 3.36919e-16)
(0.116967 -0.0203388 3.81305e-16)
(0.132652 -0.0265506 3.63414e-16)
(0.149492 -0.0334477 4.26731e-16)
(0.167747 -0.0409429 4.62209e-16)
(0.187705 -0.0489401 5.16309e-16)
(0.209691 -0.0573046 8.15103e-16)
(0.234071 -0.0658284 1.32329e-15)
(0.261235 -0.0742942 1.41932e-15)
(0.291602 -0.0835789 1.41369e-15)
(0.0988812 -0.0189703 3.21228e-16)
(0.113638 -0.0252754 3.18642e-16)
(0.129529 -0.0324511 3.30139e-16)
(0.14683 -0.0403602 3.30092e-16)
(0.165857 -0.0489404 3.90387e-16)
(0.186975 -0.0581182 6.91369e-16)
(0.210617 -0.0677791 1.00694e-15)
(0.237272 -0.0777125 1.2862e-15)
(0.267483 -0.0876927 1.4225e-15)
(0.301846 -0.0986958 1.44322e-15)
(0.0948352 -0.0231602 1.77058e-16)
(0.109591 -0.0303306 2.90677e-16)
(0.125694 -0.0384275 3.55735e-16)
(0.143461 -0.0473376 4.66977e-16)
(0.163277 -0.0570362 6.60512e-16)
(0.185613 -0.0674901 9.28233e-16)
(0.211032 -0.0786072 1.17394e-15)
(0.240193 -0.0901855 1.40116e-15)
(0.273834 -0.101992 1.59281e-15)
(0.312793 -0.115089 1.44754e-15)
(0.090036 -0.0273386 6.37033e-17)
(0.104757 -0.0352738 2.39372e-16)
(0.121013 -0.0442139 4.50674e-16)
(0.139173 -0.0540931 6.36534e-16)
(0.159716 -0.0649421 9.01396e-16)
(0.183244 -0.0767727 1.14523e-15)
(0.21049 -0.0895246 1.30876e-15)
(0.242327 -0.103011 1.49925e-15)
(0.27975 -0.117011 1.40239e-15)
(0.323937 -0.132636 1.30721e-15)
(0.0844377 -0.0312102 4.53174e-17)
(0.0990146 -0.0397608 2.47593e-16)
(0.115273 -0.0494359 5.01543e-16)
(0.133653 -0.060236 8.47088e-16)
(0.154756 -0.0722563 1.18765e-15)
(0.179349 -0.0855598 1.32771e-15)
(0.208372 -0.100125 1.24652e-15)
(0.242958 -0.115791 1.1931e-15)
(0.284447 -0.132391 1.2004e-15)
(0.334495 -0.151037 1.1898e-15)
(0.0779432 -0.0343502 6.85117e-17)
(0.0921653 -0.043332 2.40726e-16)
(0.108159 -0.0536112 5.51445e-16)
(0.126469 -0.0652661 9.01447e-16)
(0.147848 -0.0784503 1.13973e-15)
(0.173248 -0.0932775 1.06788e-15)
(0.203847 -0.109786 9.71155e-16)
(0.241097 -0.127875 8.79931e-16)
(0.286784 -0.147497 1.19749e-15)
(0.343285 -0.1697 1.13393e-15)
(0.0703764 -0.0362168 7.67764e-17)
(0.0839135 -0.0454334 2.94992e-16)
(0.0992568 -0.0561661 5.41723e-16)
(0.117086 -0.0685633 7.62637e-16)
(0.138314 -0.082822 8.44212e-16)
(0.164083 -0.0991121 7.99732e-16)
(0.195826 -0.117569 7.50152e-16)
(0.235375 -0.138212 8.43093e-16)
(0.28511 -0.161266 1.11144e-15)
(0.348533 -0.1876 1.02966e-15)
(0.0614691 -0.036201 1.28108e-16)
(0.0738753 -0.0454605 2.93737e-16)
(0.0880734 -0.0564509 4.85729e-16)
(0.104887 -0.0693586 6.59494e-16)
(0.125363 -0.0844096 6.21147e-16)
(0.150806 -0.101865 5.5933e-16)
(0.182908 -0.122017 4.68643e-16)
(0.22393 -0.145112 6.76289e-16)
(0.27707 -0.171932 8.18148e-16)
(0.347675 -0.202952 9.28668e-16)
(0.0508753 -0.0337164 1.17927e-16)
(0.0616257 -0.0428131 2.19263e-16)
(0.0741054 -0.0537244 4.05462e-16)
(0.0892374 -0.0666452 4.87653e-16)
(0.108129 -0.0818524 3.94685e-16)
(0.132176 -0.0997611 4.04955e-16)
(0.163294 -0.120916 4.4626e-16)
(0.204166 -0.145977 5.90221e-16)
(0.259122 -0.176786 6.88631e-16)
(0.336658 -0.212935 1.04837e-15)
(0.0382823 -0.0282972 4.64772e-17)
(0.0468627 -0.0368842 2.56836e-16)
(0.0570164 -0.047016 -1.83327e-17)
(0.0696502 -0.0589501 4.93337e-16)
(0.0858013 -0.0730944 4.76505e-16)
(0.106851 -0.0901027 2.60115e-16)
(0.134751 -0.110832 4.04257e-16)
(0.172422 -0.136677 6.30873e-16)
(0.225842 -0.171341 9.45783e-16)
(0.30924 -0.212253 9.31331e-16)
(0.0237716 -0.0196274 8.94399e-17)
(0.0297438 -0.0268728 1.55791e-16)
(0.0368481 -0.0348615 2.93352e-16)
(0.0458325 -0.0441491 4.06126e-16)
(0.0574771 -0.0553646 2.80281e-16)
(0.072868 -0.0693542 2.20987e-16)
(0.0935622 -0.0872255 3.74851e-16)
(0.122379 -0.111462 6.79607e-16)
(0.167759 -0.148755 8.12967e-16)
(0.253105 -0.192446 5.9209e-16)
(0.00795851 -0.00769494 5.36226e-17)
(0.0105876 -0.0115947 8.94578e-17)
(0.0134855 -0.0151716 1.52083e-16)
(0.0171074 -0.0193869 1.13651e-16)
(0.0218573 -0.0246368 5.94477e-17)
(0.0283364 -0.0314097 9.02141e-18)
(0.0376849 -0.0403446 1.69003e-16)
(0.0532027 -0.0540133 2.63104e-16)
(0.0865482 -0.0805106 3.23216e-16)
(0.166901 -0.111674 9.27575e-17)
(0.0239538 -0.000382656 -1.46316e-17)
(0.0625979 -0.00348743 -5.9072e-17)
(0.0926405 -0.00864811 -2.00795e-17)
(0.114485 -0.0154042 8.41835e-18)
(0.128292 -0.0231284 5.49078e-17)
(0.134094 -0.0312091 2.18948e-17)
(0.131864 -0.0389781 8.02777e-18)
(0.121597 -0.0457287 6.43472e-18)
(0.103413 -0.0506093 1.74047e-17)
(0.0777598 -0.0503509 -6.2817e-17)
(0.0208251 -0.000308615 1.9895e-17)
(0.0548836 -0.00383426 -2.34977e-17)
(0.0815828 -0.00971767 2.73184e-17)
(0.101115 -0.0174323 -3.9244e-18)
(0.113623 -0.026247 6.25531e-17)
(0.119229 -0.035496 4.05588e-17)
(0.118106 -0.0445032 1.98655e-17)
(0.110539 -0.0525515 1.70044e-18)
(0.0969648 -0.0587754 -2.5861e-17)
(0.0780736 -0.0615283 3.24076e-17)
(0.0177019 -0.000284588 1.11634e-17)
(0.0470169 -0.00378444 3.75645e-17)
(0.0702638 -0.00964185 1.02178e-17)
(0.0875101 -0.0173041 2.52575e-18)
(0.0988769 -0.0260042 2.25091e-17)
(0.104558 -0.0350642 5.63934e-17)
(0.10485 -0.0438217 2.43583e-17)
(0.100203 -0.0515904 1.7179e-17)
(0.0912705 -0.0576355 2.85179e-17)
(0.0790416 -0.0611682 7.12741e-17)
(0.0147813 -0.00024838 -9.73818e-18)
(0.0395743 -0.00344336 -3.62262e-17)
(0.0595175 -0.00878477 -6.7199e-17)
(0.0746036 -0.0157345 -7.0844e-17)
(0.0849398 -0.0235572 -6.00198e-17)
(0.0907399 -0.0316083 -4.84176e-17)
(0.0923445 -0.0392861 -4.56028e-17)
(0.090239 -0.0460081 -3.30737e-17)
(0.0850824 -0.0512316 -1.80099e-17)
(0.0777503 -0.0546206 -4.26505e-18)
(0.0122069 -0.000209221 -3.50569e-17)
(0.0329899 -0.00295431 -1.20008e-16)
(0.050007 -0.00752596 -2.24621e-16)
(0.0632173 -0.013432 -1.76064e-16)
(0.0727068 -0.020006 -1.42299e-16)
(0.0786837 -0.0266766 -1.25737e-16)
(0.0814749 -0.0329288 -1.3623e-16)
(0.0815223 -0.0382894 -8.5125e-17)
(0.079385 -0.0423665 -6.32642e-17)
(0.0757325 -0.0450282 -7.08042e-17)
(0.0100534 -0.0001725 -5.29117e-17)
(0.0274675 -0.0024197 -1.75082e-16)
(0.0420434 -0.00613915 -2.39818e-16)
(0.0537179 -0.0108968 -2.2678e-16)
(0.0625637 -0.0161195 -1.5591e-16)
(0.0687637 -0.0213206 -1.08073e-16)
(0.0726035 -0.0260745 -7.10326e-17)
(0.0744556 -0.030006 -3.32273e-17)
(0.0747679 -0.0328225 -6.34451e-18)
(0.0740413 -0.0344652 -1.24039e-18)
(0.00832465 -0.000139666 -3.95189e-17)
(0.0230404 -0.00190298 -1.12495e-16)
(0.0356767 -0.00479263 -1.84086e-16)
(0.0461695 -0.0084397 -1.42841e-16)
(0.0545741 -0.0123662 -8.99904e-17)
(0.061045 -0.0161726 -3.99603e-17)
(0.0658197 -0.0195157 9.28377e-18)
(0.0692004 -0.0220999 6.34472e-17)
(0.0715415 -0.0237031 1.29398e-16)
(0.0732246 -0.0242852 1.19126e-16)
(0.00699107 -0.000110913 -2.03601e-17)
(0.0196367 -0.00143662 -4.91763e-17)
(0.030812 -0.00357804 -1.52686e-16)
(0.0404561 -0.00622791 -7.90333e-17)
(0.048611 -0.00900008 -1.54392e-17)
(0.0554035 -0.011576 3.47669e-17)
(0.0610245 -0.0136838 8.06306e-17)
(0.0657169 -0.0150962 1.24085e-16)
(0.0697598 -0.0156447 1.52916e-16)
(0.0734498 -0.0152948 1.67684e-16)
(0.00600396 -8.59094e-05 -1.27403e-17)
(0.017136 -0.0010354 -3.46775e-17)
(0.0272766 -0.00253617 -2.8544e-17)
(0.0363676 -0.00433714 2.0712e-17)
(0.0444421 -0.00613603 9.63099e-17)
(0.0516004 -0.00768489 1.13847e-16)
(0.0579951 -0.00877592 1.60967e-16)
(0.0638194 -0.00923972 2.14372e-16)
(0.0692912 -0.00895427 2.02747e-16)
(0.0746422 -0.00789039 2.33163e-16)
(0.00530806 -6.40797e-05 -1.61838e-17)
(0.0153998 -0.000702981 -5.43261e-17)
(0.0248639 -0.00167678 1.32477e-17)
(0.0336509 -0.00278641 3.22872e-17)
(0.0417833 -0.00380189 6.95347e-17)
(0.0493404 -0.00453751 1.03413e-16)
(0.056442 -0.00484088 1.354e-16)
(0.0632381 -0.00459196 5.10071e-16)
(0.0698986 -0.00370939 1.87077e-16)
(0.0765998 -0.00217303 3.09245e-16)
(0.00485067 -4.49604e-05 -2.6229e-17)
(0.0142855 -0.000436052 -8.92874e-17)
(0.0233649 -0.000992672 -7.43099e-17)
(0.0320445 -0.0015618 -5.24033e-18)
(0.0403407 -0.00197595 4.81296e-17)
(0.048312 -0.00210206 9.3824e-17)
(0.0560506 -0.00183525 1.3748e-16)
(0.0636722 -0.00109711 2.14499e-16)
(0.0713038 0.000160218 2.29639e-16)
(0.0790778 0.00194467 2.58204e-16)
(0.00458089 -2.80899e-05 -2.67544e-17)
(0.0136614 -0.000228424 -7.98452e-17)
(0.0225813 -0.00046743 -4.23842e-17)
(0.0313024 -0.000632588 1.96509e-18)
(0.0398321 -0.00060892 3.73146e-17)
(0.0482145 -0.000307692 6.88307e-17)
(0.056518 0.000336791 9.71722e-17)
(0.0648264 0.00136861 1.15901e-16)
(0.0732341 0.00280842 1.087e-16)
(0.0818351 0.00465165 1.73221e-16)
(0.00445557 -1.31244e-05 -1.48993e-17)
(0.013409 -7.25431e-05 -3.68255e-17)
(0.0223362 -8.05798e-05 -3.7777e-17)
(0.0312004 4.01756e-05 7.91892e-18)
(0.0400046 0.000361048 7.93293e-18)
(0.0487777 0.000934357 2.95147e-17)
(0.057568 0.00179448 5.76048e-17)
(0.0664359 0.00295856 8.6592e-17)
(0.0754455 0.00442532 1.20019e-16)
(0.0846627 0.00617976 1.6492e-16)
(0.00443594 1.80267e-07 -2.28481e-17)
(0.0134277 3.93603e-05 -8.36856e-17)
(0.0224755 0.00018946 -1.75725e-16)
(0.031547 0.000497349 -1.1482e-16)
(0.0406381 0.000998708 -6.46828e-17)
(0.0497671 0.00171687 -1.52643e-17)
(0.058966 0.00266186 2.93407e-17)
(0.0682742 0.00383006 6.8996e-17)
(0.0777352 0.00520478 1.01618e-16)
(0.0873895 0.0067615 1.22552e-16)
(0.00449102 1.20208e-05 -3.5146e-17)
(0.0136313 0.000114886 -1.18859e-16)
(0.0228714 0.000363365 -2.24536e-16)
(0.0321805 0.000777974 -1.75842e-16)
(0.0415501 0.00136591 -8.52847e-17)
(0.050989 0.00212786 -2.06145e-17)
(0.0605167 0.00305534 3.12552e-17)
(0.0701574 0.00412969 7.53471e-17)
(0.0799382 0.00532381 9.60005e-17)
(0.0898831 0.00660566 8.89284e-17)
(0.00459489 2.25232e-05 -3.43198e-17)
(0.01395 0.000160789 -9.86261e-17)
(0.0234188 0.000459865 -1.46549e-16)
(0.0329695 0.000917243 -9.13784e-17)
(0.0425919 0.00151789 -3.65902e-17)
(0.0522868 0.00224511 1.72211e-17)
(0.0620643 0.00307669 7.93466e-17)
(0.0719397 0.00398383 1.62966e-16)
(0.0819269 0.00493247 1.91693e-16)
(0.0920421 0.00588539 2.77599e-16)
(0.00472602 3.18362e-05 -2.20168e-17)
(0.0143291 0.000183055 -5.81616e-17)
(0.0240331 0.000495068 -4.48218e-17)
(0.0338097 0.000945307 -4.44735e-17)
(0.0436446 0.00150133 -1.3806e-17)
(0.0535355 0.00213361 2.95803e-17)
(0.0634869 0.00280994 8.0905e-17)
(0.0735064 0.00349458 1.35633e-16)
(0.0836044 0.00415001 1.94275e-16)
(0.0937899 0.00473424 2.96954e-16)
(0.00486896 4.00527e-05 -3.06879e-17)
(0.0147232 0.000186639 -1.09029e-16)
(0.024649 0.000482355 -1.18757e-16)
(0.0346175 0.000886732 -6.97172e-17)
(0.0446161 0.00135409 -2.85201e-17)
(0.0546387 0.00184499 9.76556e-18)
(0.0646874 0.00232025 4.3945e-17)
(0.0747701 0.00273987 6.76919e-17)
(0.0848938 0.00306424 6.81679e-17)
(0.0950692 0.00324756 1.35829e-16)
(0.00500995 4.72875e-05 -3.52211e-17)
(0.0150983 0.000175625 -1.08294e-16)
(0.0252137 0.000432416 -9.25117e-17)
(0.0353297 0.000760911 -6.84675e-17)
(0.0454325 0.00110493 -4.20463e-17)
(0.055519 0.00141767 -1.48618e-17)
(0.0655923 0.00165495 8.66273e-18)
(0.0756602 0.001774 2.48782e-17)
(0.0857354 0.00173457 3.40313e-17)
(0.0958321 0.00148698 1.3956e-16)
(0.00514011 5.36196e-05 -2.70755e-17)
(0.0154271 0.000153131 -7.80469e-17)
(0.0256874 0.000353419 -1.01322e-16)
(0.0358934 0.000581991 -9.10664e-17)
(0.0460369 0.000774454 -6.45176e-17)
(0.0561161 0.000878167 -3.62531e-17)
(0.0661389 0.000845045 -1.08271e-17)
(0.0761202 0.000630701 1.23068e-17)
(0.0860783 0.000195588 3.85411e-17)
(0.096039 -0.000514419 8.1275e-17)
(0.00525065 5.91037e-05 -3.89639e-17)
(0.0156899 0.000121478 -1.32935e-16)
(0.0260367 0.000251007 -1.83895e-16)
(0.0362688 0.000359568 -1.21561e-16)
(0.0463804 0.000375859 -7.99784e-17)
(0.0563776 0.000242251 -4.84612e-17)
(0.066276 -9.24659e-05 -2.76092e-17)
(0.0760991 -0.000673342 -1.95747e-17)
(0.0858788 -0.00153874 -3.57735e-17)
(0.095652 -0.00274703 -4.59622e-18)
(0.0053363 6.37713e-05 -3.41599e-17)
(0.0158682 8.24136e-05 -8.46151e-17)
(0.0262355 0.000128793 -1.02965e-16)
(0.0364197 9.91555e-05 -1.11167e-16)
(0.0464221 -8.43057e-05 -6.60486e-17)
(0.0562582 -0.00048349 -3.80542e-17)
(0.0659552 -0.00115251 -1.4226e-17)
(0.075551 -0.00213618 1.46014e-17)
(0.0850931 -0.00346999 6.3205e-17)
(0.0946354 -0.00521754 1.52957e-16)
(0.00539202 6.76256e-05 -2.25244e-17)
(0.0159471 3.68171e-05 -4.60884e-17)
(0.0262597 -1.13098e-05 -4.75686e-17)
(0.0363137 -0.00019723 -4.80011e-17)
(0.0461226 -0.000605012 -3.73335e-17)
(0.0557136 -0.00130087 -1.84394e-17)
(0.0651304 -0.00234046 1.59787e-17)
(0.0744307 -0.00376692 7.15478e-17)
(0.0836801 -0.00561068 1.54565e-16)
(0.0929549 -0.00793952 2.70116e-16)
(0.00541251 7.06459e-05 -9.60882e-18)
(0.0159146 -1.47982e-05 -1.30148e-17)
(0.0260855 -0.00016914 3.34354e-18)
(0.0359195 -0.000530997 -4.04593e-17)
(0.0454415 -0.00119075 -4.37758e-17)
(0.0546986 -0.00221833 -1.45654e-17)
(0.0637561 -0.00366921 3.87956e-17)
(0.0726939 -0.00558109 1.13327e-16)
(0.0816031 -0.00797654 2.05514e-16)
(0.0905795 -0.0109237 3.09837e-16)
(0.00539463 7.27292e-05 -5.50968e-18)
(0.0157551 -7.23864e-05 -2.11891e-17)
(0.0256894 -0.000346156 -5.44152e-17)
(0.0352012 -0.000906765 -1.15468e-16)
(0.0443373 -0.00185105 -7.75834e-17)
(0.0531677 -0.00325065 -2.01108e-17)
(0.0617863 -0.00515589 5.13976e-17)
(0.0703023 -0.00759421 1.32217e-16)
(0.0788296 -0.0105754 2.10015e-16)
(0.0874865 -0.0141626 2.73235e-16)
(0.00533279 7.38353e-05 -9.0596e-18)
(0.0154539 -0.000136256 -4.57343e-17)
(0.0250428 -0.000545397 -1.00692e-16)
(0.0341219 -0.00133299 -1.54467e-16)
(0.0427637 -0.00260046 -9.05649e-17)
(0.0510741 -0.00441608 -1.49865e-17)
(0.0591821 -0.00681729 6.46187e-17)
(0.0672251 -0.0098115 1.45916e-16)
(0.0753409 -0.0133909 2.00423e-16)
(0.0836625 -0.0176059 2.35148e-16)
(0.00522301 7.39549e-05 -1.73959e-17)
(0.0149921 -0.000207348 -7.81505e-17)
(0.024114 -0.000772485 -1.44661e-16)
(0.0326361 -0.00182262 -1.70968e-16)
(0.0406742 -0.00345826 -8.08717e-17)
(0.0483777 -0.00573257 3.7376e-18)
(0.0559143 -0.00865669 8.34274e-17)
(0.0634495 -0.0122089 1.63579e-16)
(0.0711339 -0.0163577 1.30272e-16)
(0.079106 -0.0211327 7.95233e-17)
(0.00505804 7.32874e-05 -4.84592e-17)
(0.0143477 -0.000287763 -1.37548e-16)
(0.022862 -0.00103747 -1.89902e-16)
(0.0306969 -0.00239501 -1.30317e-16)
(0.0380257 -0.0044445 -4.73254e-17)
(0.045052 -0.00720456 2.12241e-17)
(0.0519787 -0.010644 6.91527e-17)
(0.0589852 -0.0147024 8.58116e-17)
(0.0662217 -0.019328 -3.52214e-17)
(0.0738121 -0.0245187 -9.63541e-17)
(0.00483034 7.22445e-05 -3.69213e-17)
(0.0134885 -0.000382482 -3.4532e-16)
(0.0212401 -0.00135799 -1.29311e-16)
(0.028258 -0.00307369 -8.65603e-17)
(0.0347925 -0.0055684 -1.314e-17)
(0.0410994 -0.00879906 2.09183e-17)
(0.0473991 -0.0126784 2.15536e-17)
(0.0538627 -0.0171106 -2.05983e-17)
(0.0606169 -0.022034 -9.78969e-17)
(0.067754 -0.0274097 -7.57459e-17)
(0.00452713 7.07209e-05 -1.51146e-17)
(0.0123736 -0.000504312 -4.32361e-17)
(0.0191991 -0.00176072 -1.88767e-17)
(0.0252904 -0.00387507 2.11835e-18)
(0.0309817 -0.00679752 1.52634e-17)
(0.0365572 -0.0104004 1.0301e-17)
(0.042222 -0.0145432 -8.54462e-18)
(0.0481098 -0.0191158 -3.31918e-17)
(0.0543036 -0.024067 -3.81434e-17)
(0.0608494 -0.0293154 -1.70057e-18)
(0.0041264 6.4495e-05 -1.08412e-17)
(0.010954 -0.000681088 3.11071e-18)
(0.016701 -0.00227316 4.62457e-17)
(0.021801 -0.00477284 2.23302e-17)
(0.026642 -0.00800055 7.46678e-18)
(0.0314879 -0.0117503 -6.05771e-18)
(0.0364874 -0.0158614 -1.71299e-17)
(0.0417137 -0.0202464 -1.98279e-17)
(0.0471996 -0.0248876 -8.4018e-18)
(0.0529304 -0.0296449 8.10787e-18)
(0.00359217 3.26004e-05 -7.55413e-19)
(0.00917905 -0.000956236 1.6275e-17)
(0.0137452 -0.00288243 2.94226e-17)
(0.0178464 -0.00562024 2.91691e-18)
(0.021849 -0.00886911 -1.13532e-17)
(0.0259341 -0.0123995 -1.42431e-17)
(0.0301708 -0.0160906 -1.13894e-17)
(0.0345737 -0.0199155 -1.02938e-19)
(0.0391242 -0.0238862 2.21044e-17)
(0.0437365 -0.0277911 5.96172e-17)
(0.0028759 -8.45738e-05 4.69326e-18)
(0.00703858 -0.00133912 1.83328e-17)
(0.0103964 -0.00341913 2.93594e-17)
(0.0135115 -0.00603661 -3.49416e-17)
(0.0166336 -0.00885583 -2.12541e-17)
(0.0198352 -0.0117207 -1.09177e-17)
(0.0231202 -0.0146012 -8.17564e-20)
(0.026464 -0.0175276 1.42119e-17)
(0.0298009 -0.0205031 3.23194e-17)
(0.0329647 -0.0232534 5.01329e-17)
(0.00200471 -0.000319778 4.34048e-18)
(0.00462397 -0.00160325 6.01035e-18)
(0.00674569 -0.00337497 -9.59998e-18)
(0.00879344 -0.00532444 -2.27857e-17)
(0.0108631 -0.00721986 -1.00212e-17)
(0.0129495 -0.00904029 -7.08182e-19)
(0.0150321 -0.0108296 8.65962e-18)
(0.017072 -0.01262 1.99596e-17)
(0.0189684 -0.0143496 3.43433e-17)
(0.0205088 -0.0157643 5.64171e-17)
(0.00111387 -0.000377606 -5.75824e-19)
(0.00189927 -0.00102813 -8.23793e-18)
(0.00261476 -0.00187352 1.42873e-17)
(0.0033657 -0.00263038 -8.25201e-18)
(0.00411028 -0.00328505 -9.98767e-20)
(0.00482946 -0.00389059 3.94999e-18)
(0.00551399 -0.00447662 8.70632e-18)
(0.00613351 -0.0050266 1.63223e-17)
(0.00660088 -0.00544418 3.02859e-17)
(0.00675263 -0.00565028 6.05621e-17)
(0.0309336 -1.12557e-09 -2.66803e-19)
(0.0309336 2.27329e-09 -1.17976e-19)
(0.0309336 -4.12904e-09 4.63422e-18)
(0.0309335 8.9188e-09 -9.0874e-17)
(0.0309337 -1.96891e-08 -1.71683e-17)
(0.0309333 4.28221e-08 -3.46437e-18)
(0.0309343 -9.38994e-08 7.17901e-18)
(0.030932 2.0678e-07 1.12125e-16)
(0.0309371 -4.4108e-07 2.52938e-17)
(0.0309253 1.04955e-06 2.39215e-17)
(0.0309471 -1.88049e-06 -1.39969e-18)
(0.0308835 5.03092e-06 1.07028e-18)
(0.0309794 -1.77713e-05 7.97786e-18)
(0.0312108 -9.54292e-05 -8.50711e-18)
(0.0360195 -0.00494692 -1.30357e-17)
(0.078991 -2.47605e-09 -7.90829e-19)
(0.078991 1.94493e-09 -5.68356e-19)
(0.0789911 -6.71089e-09 1.81996e-17)
(0.0789909 1.49889e-08 -1.79901e-16)
(0.0789914 -3.25309e-08 -4.66553e-17)
(0.0789903 7.20032e-08 -9.86209e-18)
(0.0789927 -1.58521e-07 1.66051e-17)
(0.0789874 3.61672e-07 2.44133e-16)
(0.0789988 -6.58362e-07 6.9667e-17)
(0.0789723 2.28651e-06 7.17221e-17)
(0.0790221 -1.36378e-06 -4.85419e-18)
(0.0788814 1.13803e-05 2.95394e-18)
(0.0791246 -8.30953e-05 2.41092e-17)
(0.0791694 -0.000695633 -2.51728e-17)
(0.0863896 -0.00997283 -3.50081e-17)
(0.114057 -2.53477e-09 -1.33163e-18)
(0.114057 2.87953e-09 -1.85828e-18)
(0.114057 -7.50016e-09 4.15189e-17)
(0.114057 1.64888e-08 -1.92457e-16)
(0.114058 -3.56882e-08 -7.01808e-17)
(0.114056 7.82174e-08 -1.55444e-17)
(0.11406 -1.70747e-07 1.688e-17)
(0.114052 4.12814e-07 3.0424e-16)
(0.114068 -5.83786e-07 1.05379e-16)
(0.114032 3.16054e-06 1.23914e-16)
(0.114101 8.4278e-07 -1.12079e-17)
(0.113918 1.5148e-05 4.29409e-18)
(0.114263 -0.000136671 4.28692e-17)
(0.113951 -0.00123226 -4.31286e-17)
(0.120301 -0.0120832 -5.97222e-17)
(0.136566 -1.80293e-09 -1.86816e-18)
(0.136566 1.60473e-09 -4.88953e-18)
(0.136566 -5.01876e-09 -5.73507e-18)
(0.136566 1.10291e-08 -3.02178e-16)
(0.136567 -2.37099e-08 -8.92787e-17)
(0.136565 5.17674e-08 -1.99591e-17)
(0.136569 -1.11089e-07 5.78078e-18)
(0.136561 3.0678e-07 3.8504e-16)
(0.136578 -1.72133e-07 1.31399e-16)
(0.136538 3.21991e-06 1.84117e-16)
(0.136619 4.44318e-06 -2.30128e-17)
(0.136416 1.5123e-05 4.74042e-18)
(0.136817 -0.000162244 6.66082e-17)
(0.136092 -0.00156013 -6.37572e-17)
(0.140209 -0.0119597 -8.86313e-17)
(0.146913 -5.35586e-10 -2.29908e-18)
(0.146913 -4.64638e-10 -8.00234e-18)
(0.146913 -8.33858e-10 -3.7564e-17)
(0.146912 1.86249e-09 -3.51219e-16)
(0.146913 -3.79032e-09 -1.00002e-16)
(0.146911 7.93077e-09 -2.21382e-17)
(0.146915 -1.37948e-08 -2.04823e-17)
(0.146907 1.08214e-07 4.12303e-16)
(0.146926 3.66363e-07 1.44119e-16)
(0.146884 2.58402e-06 -8.66163e-17)
(0.146973 8.00479e-06 -4.36587e-17)
(0.146766 1.2863e-05 3.87278e-18)
(0.147188 -0.000151221 9.8229e-17)
(0.146107 -0.00159831 -8.85869e-17)
(0.147788 -0.0103951 -1.24147e-16)
(0.145459 8.50107e-10 -2.51037e-18)
(0.145459 -2.68251e-09 -1.00536e-17)
(0.145459 3.70287e-09 -5.48976e-17)
(0.145459 -8.04519e-09 -3.41604e-16)
(0.14546 1.77279e-08 -1.00972e-16)
(0.145458 -3.93381e-08 -2.1051e-17)
(0.145462 8.97628e-08 1.40978e-17)
(0.145453 -1.20288e-07 3.94893e-16)
(0.145472 8.57871e-07 1.40871e-16)
(0.145431 1.46469e-06 1.81767e-16)
(0.145523 1.04725e-05 -7.81702e-17)
(0.145327 9.46287e-06 1.39273e-18)
(0.145747 -0.000110063 6.27725e-17)
(0.144456 -0.00138055 -1.20138e-16)
(0.144172 -0.00802442 -9.08898e-17)
(0.132536 2.03682e-09 -2.42262e-18)
(0.132536 -4.3875e-09 -1.04701e-17)
(0.132536 7.46123e-09 -5.99357e-17)
(0.132536 -1.62522e-08 -3.52238e-16)
(0.132537 3.55103e-08 -9.31733e-17)
(0.132535 -7.8379e-08 -1.77609e-17)
(0.132539 1.74143e-07 3.28165e-17)
(0.132531 -3.22034e-07 4.1195e-16)
(0.132548 1.18295e-06 1.26416e-16)
(0.132511 1.41758e-07 1.24952e-16)
(0.132599 1.11948e-05 -4.90311e-17)
(0.132425 5.18175e-06 2.38903e-19)
(0.132829 -5.55122e-05 3.89736e-17)
(0.131523 -0.00100275 -8.39371e-17)
(0.130071 -0.00537362 -6.64218e-17)
(0.108448 2.63212e-09 -2.01349e-18)
(0.108448 -5.08839e-09 -9.09534e-18)
(0.108448 9.23265e-09 -5.33845e-17)
(0.108448 -2.00566e-08 -3.14938e-16)
(0.108448 4.35594e-08 -7.58179e-17)
(0.108447 -9.60219e-08 -1.32096e-17)
(0.10845 2.11376e-07 3.75256e-17)
(0.108443 -4.28583e-07 3.92719e-16)
(0.108458 1.23485e-06 1.01194e-16)
(0.108426 -9.51134e-07 8.07379e-17)
(0.108505 9.79636e-06 -2.94029e-17)
(0.108364 6.03131e-07 -2.20979e-19)
(0.108731 -8.16269e-06 2.30021e-17)
(0.107617 -0.000582065 -5.51889e-17)
(0.105865 -0.00290656 -4.6601e-17)
(0.0734749 2.23172e-09 -1.32421e-18)
(0.0734749 -4.10291e-09 -6.14038e-18)
(0.073475 7.73931e-09 -3.6863e-17)
(0.0734747 -1.66768e-08 -5.38391e-16)
(0.0734752 3.62844e-08 -4.97499e-17)
(0.0734742 -7.97849e-08 -8.02325e-18)
(0.0734765 1.74822e-07 2.9775e-17)
(0.0734714 -3.70776e-07 3.39371e-17)
(0.0734826 9.32266e-07 6.66047e-17)
(0.0734594 -1.28597e-06 4.49858e-17)
(0.0735177 6.37173e-06 -1.55237e-17)
(0.0734205 -2.43963e-06 -2.70978e-19)
(0.0737118 1.50511e-05 1.19452e-17)
(0.072967 -0.000231281 -3.11837e-17)
(0.0716584 -0.00104532 -2.87191e-17)
(0.0278759 1.29102e-09 -4.51928e-19)
(0.0278759 -1.88318e-09 -2.12579e-18)
(0.0278759 4.08594e-09 -1.30889e-17)
(0.0278758 -8.84903e-09 -9.60007e-17)
(0.027876 1.92177e-08 -1.72155e-17)
(0.0278756 -4.22711e-08 -2.63751e-18)
(0.0278766 9.25356e-08 1.09661e-17)
(0.0278744 -2.02222e-07 1.28318e-16)
(0.0278792 4.52148e-07 2.27475e-17)
(0.0278692 -9.25453e-07 1.40688e-17)
(0.0278946 2.38904e-06 -4.77819e-18)
(0.0278548 -3.772e-06 -1.11639e-19)
(0.0279931 1.18801e-05 3.61978e-18)
(0.0277301 -2.92222e-05 -9.89249e-18)
(0.0272934 -4.40614e-05 -9.42268e-18)
)
;

boundaryField
{
    inlet_one
    {
        type            zeroGradient;
    }
    inlet_two
    {
        type            zeroGradient;
    }
    outlet
    {
        type            zeroGradient;
    }
    walls
    {
        type            fixedValue;
        value           uniform (0 0 0);
    }
    front
    {
        type            wedge;
    }
    back
    {
        type            wedge;
    }
}


// ************************************************************************* //
