1	2.16816
2	-2.00184
3	0.773463
4	0.656872
5	0.540125
6	0.385984
7	-0.324799
8	-0.426596
9	0.187337
10	0.213126
11	0.188776
12	0.151818
13	-0.183918
14	-0.157962
15	-0.113591
16	-0.0860238
17	-0.0708143
18	-0.0590304
19	-0.0476248
20	-0.0374003
21	-0.0299815
22	-0.0266527
23	-0.0275203
24	-0.0312306
25	-0.0348885
26	-0.0352474
27	-0.03124
28	-0.0251254
29	-0.02007
30	-0.01736
31	-0.0163908
32	-0.016178
33	-0.0154796
34	-0.0140836
35	-0.0120917
36	-0.00991653
37	-0.00795031
38	-0.00646214
39	-0.00552742
40	-0.0050718
41	-0.00489973
42	-0.00477436
43	-0.00452191
44	-0.00411499
45	-0.00365184
46	-0.00326234
47	-0.00301585
48	-0.00290297
49	-0.00287731
50	-0.00287144
51	0.00178172
52	-0.00192401
53	0.00159365
54	-0.00168258
55	0.00138635
56	-0.00140687
57	0.00124054
58	-0.0011959
59	0.00112818
60	0.00101196
61	0.000931175
62	0.000813037
63	0.000788793
64	0.000686322
65	0.000689003
66	0.000536792
67	0.000615246
68	0.000450608
69	0.000500023
70	0.000392057
71	0.00043671
72	0.000330165
73	0.000388834
74	0.00029146
75	0.000344475
76	0.000263291
77	0.000298897
78	0.000216719
79	0.000291279
80	0.00017041
81	0.000278863
82	9.34318e-05
83	0.00030789
84	-6.11337e-05
85	0.000302034
86	-0.000112919
87	-0.000277128
88	-0.00020223
89	-0.000203115
90	-0.000132514
91	-0.000109418
92	-5.62197e-05
93	-3.4183e-05
94	-1.92099e-05
95	1.00912e-05
96	1.41842e-05
97	2.90929e-05
98	1.66003e-05
99	3.35124e-05
100	1.51136e-05
101	4.35247e-05
102	-0.000135145
103	-0.000223429
104	-0.00013756
105	0.000126288
106	-0.000100389
107	0.000180479
108	-0.000142865
109	0.000220317
110	-0.000133375
111	-0.000118829
112	3.11665e-05
113	3.98199e-05
114	5.91465e-06
115	-5.88647e-05
116	4.50953e-05
117	-0.000138245
118	6.07157e-05
119	-0.000166466
120	4.47752e-05
121	-0.000149227
122	-2.21349e-05
123	-0.000109995
124	-7.46637e-05
125	-8.02414e-05
126	-0.000106742
127	-0.000126011
128	-0.000135087
129	-0.00014911
130	-0.000160302
131	-0.000168053
132	-0.000176821
133	-0.00017514
134	-0.000184646
135	-0.000178526
136	-0.000184174
137	-0.00017308
138	-0.000181924
139	-0.000167855
140	-0.000172902
141	-0.000160075
142	-0.000160988
143	-0.00015063
144	-0.00014847
145	-0.000140847
146	-0.000136483
147	-0.000131417
148	-0.000125389
149	-0.000122576
150	-0.000115238
151	-0.000114405
152	-0.000106021
153	-0.000107418
154	-9.64726e-05
155	-9.87044e-05
156	-8.64342e-05
157	-9.02394e-05
158	-7.77075e-05
159	-8.33752e-05
160	-7.07841e-05
161	-7.79466e-05
162	-6.51822e-05
163	-7.34653e-05
164	-6.04566e-05
165	-6.96338e-05
166	-5.6367e-05
167	-6.62858e-05
168	-5.2741e-05
169	-6.32686e-05
170	-4.9407e-05
171	-6.04313e-05
172	-4.6217e-05
173	-5.76615e-05
174	-4.30782e-05
175	-5.49034e-05
176	-3.99562e-05
177	-5.21493e-05
178	-3.68568e-05
179	-4.94188e-05
180	-3.38049e-05
181	-4.6741e-05
182	-3.08297e-05
183	-4.41445e-05
184	-2.79572e-05
185	-4.16533e-05
186	-3.00048e-05
187	-3.89602e-05
188	-2.90355e-05
189	-3.72059e-05
190	-2.7166e-05
191	-3.53831e-05
192	-2.51856e-05
193	-3.35389e-05
194	-2.32212e-05
195	-3.17502e-05
196	-2.13475e-05
197	-3.00759e-05
198	-1.96068e-05
199	-3.00743e-05
200	-1.75266e-05
201	-2.73262e-05
202	-1.46022e-05
203	-2.4821e-05
204	-1.24083e-05
205	-2.30425e-05
206	-9.9599e-06
207	-2.22002e-05
208	-8.80815e-06
209	-2.1206e-05
210	-7.9336e-06
211	-2.03668e-05
212	-7.28497e-06
213	-1.97718e-05
214	-6.90469e-06
215	-1.94099e-05
216	-6.71269e-06
217	-1.91573e-05
218	-6.56235e-06
219	-1.88759e-05
220	-6.33849e-06
221	-1.84874e-05
222	-5.99766e-06
223	-1.79814e-05
224	-5.55251e-06
225	-1.73868e-05
226	-5.03887e-06
227	-1.67418e-05
228	-4.49232e-06
229	-1.6078e-05
230	-3.93936e-06
231	-1.54175e-05
232	-3.3977e-06
233	-1.47749e-05
234	-2.87895e-06
235	-1.41597e-05
236	-2.39063e-06
237	-1.3578e-05
238	-1.93701e-06
239	-1.30326e-05
240	-1.51966e-06
241	-1.2524e-05
242	-1.13788e-06
243	-1.20508e-05
244	-7.89358e-07
245	-1.16101e-05
246	-4.70867e-07
247	-1.11985e-05
248	-1.78824e-07
249	-1.08124e-05
250	9.02405e-08
251	-1.04486e-05
252	3.39394e-07
253	-1.01043e-05
254	5.71153e-07
255	-9.77735e-06
256	7.87452e-07
257	-9.466e-06
258	9.8971e-07
259	-9.16908e-06
260	1.17894e-06
261	-8.88574e-06
262	1.35587e-06
263	-8.61535e-06
264	1.52106e-06
265	-8.35739e-06
266	1.67499e-06
267	-8.11139e-06
268	1.81811e-06
269	-7.8769e-06
270	1.95087e-06
271	-7.65347e-06
272	2.07374e-06
273	-7.44061e-06
274	2.18718e-06
275	-7.23784e-06
276	2.2917e-06
277	-7.04466e-06
278	2.38778e-06
279	-6.86056e-06
280	2.47593e-06
281	-6.68504e-06
282	2.55662e-06
283	-6.51762e-06
284	2.63033e-06
285	-6.35783e-06
286	2.6975e-06
287	-6.20523e-06
288	2.75856e-06
289	-6.05941e-06
290	2.81389e-06
291	-5.91998e-06
292	2.86387e-06
293	-5.78659e-06
294	2.90883e-06
295	-5.65888e-06
296	2.94909e-06
297	-5.53655e-06
298	2.98494e-06
299	-5.41931e-06
300	3.01667e-06
301	-5.30689e-06
302	3.04453e-06
303	-5.19902e-06
304	3.06875e-06
305	-5.09546e-06
306	3.08958e-06
307	-4.99599e-06
308	3.10722e-06
309	-4.90038e-06
310	3.12189e-06
311	-4.80844e-06
312	3.13376e-06
313	-4.71996e-06
314	3.14302e-06
315	-4.63478e-06
316	3.14984e-06
317	-4.5527e-06
318	3.15438e-06
319	-4.47358e-06
320	3.1568e-06
321	-4.39726e-06
322	3.15723e-06
323	-4.32358e-06
324	3.15581e-06
325	-4.25242e-06
326	3.15267e-06
327	-4.18365e-06
328	3.14792e-06
329	-4.11713e-06
330	3.14167e-06
331	-4.05277e-06
332	3.13404e-06
333	-3.99044e-06
334	3.12512e-06
335	-3.93005e-06
336	3.115e-06
337	-3.8715e-06
338	3.10376e-06
339	-3.8147e-06
340	3.0915e-06
341	-3.75956e-06
342	3.07829e-06
343	-3.706e-06
344	3.06419e-06
345	-3.65395e-06
346	3.04928e-06
347	-3.60334e-06
348	3.03363e-06
349	-3.55408e-06
350	3.01728e-06
351	-3.50613e-06
352	3.00031e-06
353	-3.45942e-06
354	2.98275e-06
355	-3.41389e-06
356	2.96466e-06
357	-3.36949e-06
358	2.94609e-06
359	-3.32617e-06
360	2.92708e-06
361	-3.28388e-06
362	2.90767e-06
363	-3.24257e-06
364	2.8879e-06
365	-3.2022e-06
366	2.8678e-06
367	-3.16273e-06
368	2.84742e-06
369	-3.12413e-06
370	2.82677e-06
371	-3.08635e-06
372	2.80589e-06
373	-3.04935e-06
374	2.78482e-06
375	-3.01312e-06
376	2.76356e-06
377	-2.97762e-06
378	2.74216e-06
379	-2.94281e-06
380	2.72062e-06
381	-2.90867e-06
382	2.69898e-06
383	-2.87518e-06
384	2.67725e-06
385	-2.84231e-06
386	2.65545e-06
387	-2.81004e-06
388	2.63359e-06
389	-2.77834e-06
390	2.6117e-06
391	-2.74719e-06
392	2.5898e-06
393	-2.71658e-06
394	2.56788e-06
395	-2.68649e-06
396	2.54597e-06
397	-2.65689e-06
398	2.52408e-06
399	-2.62777e-06
400	2.50222e-06
401	-2.59912e-06
402	2.48041e-06
403	-2.57092e-06
404	2.45864e-06
405	-2.54316e-06
406	2.43693e-06
407	-2.51581e-06
408	2.41529e-06
409	-2.48888e-06
410	2.39373e-06
411	-2.46234e-06
412	2.37225e-06
413	-2.43619e-06
414	2.35086e-06
415	-2.41041e-06
416	2.32957e-06
417	-2.38499e-06
418	2.30838e-06
419	-2.35993e-06
420	2.2873e-06
421	-2.33521e-06
422	2.26633e-06
423	-2.31082e-06
424	2.24548e-06
425	-2.28677e-06
426	2.22475e-06
427	-2.26302e-06
428	2.20414e-06
429	-2.23959e-06
430	2.18367e-06
431	-2.21646e-06
432	2.16332e-06
433	-2.19362e-06
434	2.14311e-06
435	-2.17107e-06
436	2.12304e-06
437	-2.1488e-06
438	2.1031e-06
439	-2.12681e-06
440	2.08331e-06
441	-2.10509e-06
442	2.06366e-06
443	-2.08363e-06
444	2.04415e-06
445	-2.06242e-06
446	2.02479e-06
447	-2.04147e-06
448	2.00558e-06
449	-2.02077e-06
450	1.98652e-06
451	-2.00031e-06
452	1.9676e-06
453	-1.98008e-06
454	1.94884e-06
455	-1.96009e-06
456	1.93023e-06
457	-1.94033e-06
458	1.91177e-06
459	-1.92079e-06
460	1.89346e-06
461	-1.90147e-06
462	1.8753e-06
463	-1.88237e-06
464	1.8573e-06
465	-1.86348e-06
466	1.83944e-06
467	-1.84481e-06
468	1.82174e-06
469	-1.82633e-06
470	1.80419e-06
471	-1.80806e-06
472	1.7868e-06
473	-1.78999e-06
474	1.76955e-06
475	-1.77212e-06
476	1.75246e-06
477	-1.75444e-06
478	1.73552e-06
479	-1.73694e-06
480	1.71872e-06
481	-1.71964e-06
482	1.70208e-06
483	-1.70252e-06
484	1.68559e-06
485	-1.68558e-06
486	1.66924e-06
487	-1.66882e-06
488	1.65305e-06
489	-1.65224e-06
490	1.637e-06
491	-1.63583e-06
492	1.6211e-06
493	-1.6196e-06
494	1.60534e-06
495	-1.60353e-06
496	1.58973e-06
497	-1.58763e-06
498	1.57426e-06
499	-1.5719e-06
500	1.55893e-06
501	-1.55633e-06
502	1.54375e-06
503	-1.54092e-06
504	1.52871e-06
505	-1.52567e-06
506	1.51381e-06
507	-1.51057e-06
508	1.49905e-06
509	-1.49563e-06
510	1.48443e-06
511	-1.48085e-06
512	1.46994e-06
513	-1.46621e-06
514	1.45559e-06
515	-1.45173e-06
516	1.44138e-06
517	-1.43739e-06
518	1.4273e-06
519	-1.42319e-06
520	1.41336e-06
521	-1.40914e-06
522	1.39955e-06
523	-1.39524e-06
524	1.38587e-06
525	-1.38147e-06
526	1.37232e-06
527	-1.36784e-06
528	1.3589e-06
529	-1.35435e-06
530	1.34561e-06
531	-1.341e-06
532	1.33244e-06
533	-1.32778e-06
534	1.3194e-06
535	-1.31469e-06
536	1.30649e-06
537	-1.30173e-06
538	1.2937e-06
539	-1.28891e-06
540	1.28104e-06
541	-1.27621e-06
542	1.26849e-06
543	-1.26364e-06
544	1.25607e-06
545	-1.67432e-06
546	1.22961e-06
547	-1.41123e-06
548	1.35896e-06
549	-1.21763e-06
550	1.36314e-06
551	-1.19807e-06
552	1.24262e-06
553	-1.23685e-06
554	1.13188e-06
555	-1.22214e-06
556	1.0939e-06
557	-1.14099e-06
558	1.10413e-06
559	-1.03906e-06
560	1.11306e-06
561	-9.5862e-07
562	1.09283e-06
563	-9.12347e-07
564	1.0443e-06
565	-8.9023e-07
566	9.82507e-07
567	-8.76292e-07
568	1.27404e-06
569	-7.93455e-07
570	1.00725e-06
571	-8.65217e-07
572	7.93623e-07
573	-8.70029e-07
574	7.00858e-07
575	-7.82377e-07
576	6.83766e-07
577	-6.66874e-07
578	6.7356e-07
579	-5.77643e-07
580	6.34269e-07
581	-5.30189e-07
582	5.6591e-07
583	-5.1236e-07
584	4.86169e-07
585	-5.04021e-07
586	4.12988e-07
587	-4.90208e-07
588	3.56186e-07
589	-4.65084e-07
590	3.17023e-07
591	-4.29958e-07
592	2.91551e-07
593	-3.89434e-07
594	2.74311e-07
595	-3.48273e-07
596	2.60713e-07
597	-3.09798e-07
598	2.47911e-07
599	-2.75615e-07
600	2.34657e-07
601	-2.4601e-07
602	2.20751e-07
603	-2.20556e-07
604	2.06475e-07
605	-2.84109e-07
606	1.59595e-07
607	-2.11396e-07
608	1.60508e-07
609	-1.55145e-07
610	1.55156e-07
611	-1.19744e-07
612	1.40194e-07
613	-9.88589e-08
614	1.20697e-07
615	-8.60698e-08
616	1.00737e-07
617	-7.73085e-08
618	8.2507e-08
619	-7.03291e-08
620	6.6923e-08
621	-6.40003e-08
622	5.41776e-08
623	-5.78329e-08
624	4.4085e-08
625	-5.16833e-08
626	3.62866e-08
627	-3.81756e-08
628	2.55243e-08
629	-3.18682e-08
630	1.62416e-08
631	-1.98737e-08
632	9.1773e-09
633	-1.34646e-08
634	3.6999e-09
635	-8.64977e-09
636	1.60628e-09
637	-5.49527e-09
638	1.45427e-09
639	-1.3057e-09
640	9.28199e-10
641	1.46029e-09
642	1.94817e-09
643	2.96361e-09
644	3.57229e-09
645	4.16919e-09
646	4.77033e-09
647	5.37591e-09
648	5.98469e-09
649	6.59666e-09
650	7.21106e-09
651	7.82777e-09
652	8.44626e-09
653	9.06636e-09
654	1.0623e-08
655	1.13628e-08
656	1.20416e-08
657	1.27221e-08
658	1.34015e-08
659	1.40803e-08
660	1.47578e-08
661	1.54339e-08
662	1.61082e-08
663	1.67807e-08
664	1.74511e-08
665	1.81194e-08
666	1.87855e-08
667	1.94492e-08
668	2.01105e-08
669	2.07694e-08
670	2.14257e-08
671	2.20794e-08
672	2.27305e-08
673	2.33789e-08
674	2.40245e-08
675	2.46673e-08
676	2.53073e-08
677	2.59444e-08
678	2.65787e-08
679	2.721e-08
680	2.78383e-08
681	2.84637e-08
682	2.90861e-08
683	2.97054e-08
684	3.03217e-08
685	3.09349e-08
686	3.1545e-08
687	3.2152e-08
688	3.2756e-08
689	3.33567e-08
690	3.39544e-08
691	3.45489e-08
692	3.51403e-08
693	3.57285e-08
694	3.63136e-08
695	3.68955e-08
696	3.74743e-08
697	3.80499e-08
698	3.86224e-08
699	3.91916e-08
700	3.97578e-08
701	4.03208e-08
702	4.08806e-08
703	4.14373e-08
704	4.19908e-08
705	4.25412e-08
706	4.30885e-08
707	4.36327e-08
708	4.41738e-08
709	4.47118e-08
710	4.52466e-08
711	4.57784e-08
712	4.63072e-08
713	4.68328e-08
714	4.73554e-08
715	4.7875e-08
716	4.83916e-08
717	4.89051e-08
718	4.94156e-08
719	4.99232e-08
720	5.04278e-08
721	5.09294e-08
722	5.1428e-08
723	5.19237e-08
724	5.24165e-08
725	5.29064e-08
726	5.33934e-08
727	5.38775e-08
728	5.43587e-08
729	5.48371e-08
730	5.53127e-08
731	5.57854e-08
732	5.02869e-08
733	5.22927e-08
734	5.23397e-08
735	5.2383e-08
736	5.24237e-08
737	5.24617e-08
738	5.24975e-08
739	5.25309e-08
740	5.25621e-08
741	5.25912e-08
742	5.26183e-08
743	5.26438e-08
744	5.26676e-08
745	5.269e-08
746	5.27111e-08
747	5.2731e-08
748	5.27499e-08
749	5.27679e-08
750	5.27851e-08
751	5.28016e-08
752	5.28175e-08
753	5.28328e-08
754	5.28477e-08
755	5.28622e-08
756	5.28763e-08
757	5.28903e-08
758	5.2904e-08
759	5.29176e-08
760	5.2931e-08
761	5.29445e-08
762	5.29579e-08
763	5.29714e-08
764	5.29849e-08
765	5.29985e-08
766	5.30123e-08
767	5.30262e-08
768	5.30403e-08
769	5.30546e-08
770	5.30691e-08
771	5.30839e-08
772	5.30989e-08
773	5.31143e-08
774	5.31299e-08
775	5.31459e-08
776	5.31622e-08
777	5.31788e-08
778	5.31958e-08
779	5.32132e-08
780	5.32309e-08
781	5.3249e-08
782	5.32675e-08
783	5.32864e-08
784	5.33057e-08
785	6.95797e-08
786	6.70796e-08
787	6.81214e-08
788	6.9169e-08
789	7.02047e-08
790	7.12341e-08
791	7.22531e-08
792	7.32623e-08
793	7.42608e-08
794	7.52485e-08
795	7.62251e-08
796	7.71907e-08
797	7.81451e-08
798	7.90885e-08
799	8.00208e-08
800	8.09423e-08
801	8.18529e-08
802	8.27529e-08
803	8.36424e-08
804	6.3367e-08
805	6.87244e-08
806	6.84761e-08
807	6.82087e-08
808	6.79486e-08
809	6.76878e-08
810	6.74322e-08
811	6.7181e-08
812	6.69359e-08
813	6.66967e-08
814	6.6464e-08
815	6.62377e-08
816	6.60179e-08
817	6.58045e-08
818	6.55974e-08
819	6.53965e-08
820	6.52017e-08
821	6.50128e-08
822	6.48296e-08
823	6.46521e-08
824	6.448e-08
825	6.43132e-08
826	6.41516e-08
827	6.39949e-08
828	6.38431e-08
829	6.3696e-08
830	6.35534e-08
831	6.34153e-08
832	6.32814e-08
833	6.31517e-08
834	6.30261e-08
835	6.29043e-08
836	6.27864e-08
837	6.26721e-08
838	6.25614e-08
839	6.24541e-08
840	6.23503e-08
841	6.22497e-08
842	6.21522e-08
843	6.20579e-08
844	6.19665e-08
845	6.18781e-08
846	6.17924e-08
847	7.29051e-08
848	6.9389e-08
849	6.98432e-08
850	7.03001e-08
851	7.07512e-08
852	7.11989e-08
853	7.16414e-08
854	7.20789e-08
855	7.2511e-08
856	7.29377e-08
857	7.33589e-08
858	7.37744e-08
859	7.41845e-08
860	7.45889e-08
861	7.49878e-08
862	7.53813e-08
863	7.57693e-08
864	7.6152e-08
865	7.65293e-08
866	7.69014e-08
867	7.72684e-08
868	7.76302e-08
869	7.7987e-08
870	7.83389e-08
871	7.86858e-08
872	5.30085e-08
873	5.75563e-08
874	5.65443e-08
875	5.55126e-08
876	5.45023e-08
877	5.35003e-08
878	5.2516e-08
879	5.15475e-08
880	5.05975e-08
881	4.96654e-08
882	4.87518e-08
883	4.78563e-08
884	4.69788e-08
885	4.61187e-08
886	4.52757e-08
887	4.44494e-08
888	4.36393e-08
889	4.28449e-08
890	4.20657e-08
891	4.13014e-08
892	4.05515e-08
893	3.98155e-08
894	3.90931e-08
895	3.83838e-08
896	3.76872e-08
897	3.70029e-08
898	3.63307e-08
899	3.56701e-08
900	3.50208e-08
901	3.43825e-08
902	3.37548e-08
903	3.31375e-08
904	3.25303e-08
905	3.19328e-08
906	3.13449e-08
907	3.07662e-08
908	3.01965e-08
909	2.96357e-08
910	2.90833e-08
911	2.85392e-08
912	2.80033e-08
913	2.74752e-08
914	2.69548e-08
915	2.64419e-08
916	2.59363e-08
917	2.54378e-08
918	2.49463e-08
919	2.44615e-08
920	2.39834e-08
921	2.35117e-08
922	4.83451e-08
923	4.23606e-08
924	4.31724e-08
925	4.39991e-08
926	4.48096e-08
927	4.56135e-08
928	4.64036e-08
929	4.71815e-08
930	4.79452e-08
931	4.86951e-08
932	4.94307e-08
933	5.01524e-08
934	5.086e-08
935	5.1554e-08
936	5.22344e-08
937	5.29017e-08
938	5.35561e-08
939	5.41978e-08
940	5.48272e-08
941	5.54446e-08
942	5.60502e-08
943	5.66444e-08
944	5.72274e-08
945	5.77995e-08
946	5.8361e-08
947	3.71506e-08
948	4.18963e-08
949	4.1298e-08
950	4.06834e-08
951	4.00806e-08
952	3.94809e-08
953	3.88909e-08
954	3.83092e-08
955	3.77379e-08
956	3.71766e-08
957	3.66258e-08
958	3.60852e-08
959	3.5555e-08
960	3.50349e-08
961	3.45248e-08
962	3.40245e-08
963	3.35336e-08
964	3.3052e-08
965	3.25795e-08
966	3.21157e-08
967	3.16605e-08
968	3.12136e-08
969	3.07749e-08
970	3.03439e-08
971	2.99207e-08
972	2.95048e-08
973	2.90962e-08
974	2.86947e-08
975	2.82999e-08
976	2.79118e-08
977	2.75302e-08
978	2.71548e-08
979	2.67856e-08
980	2.64224e-08
981	2.60649e-08
982	2.57131e-08
983	2.53668e-08
984	2.50259e-08
985	2.46901e-08
986	2.43595e-08
987	2.40338e-08
988	2.3713e-08
989	2.33969e-08
990	2.30853e-08
991	2.27783e-08
992	2.24756e-08
993	3.22348e-08
994	2.86982e-08
995	2.88506e-08
996	2.90053e-08
997	2.91554e-08
998	2.93029e-08
999	2.94462e-08
1000	2.95857e-08
