1	7.82966
2	4.5915
3	2.62902
4	1.95099
5	1.27527
6	0.804459
7	1.56857
8	1.45337
9	0.720244
10	0.654315
11	0.554693
12	0.433291
13	0.639639
14	0.511032
15	0.39917
16	0.346491
17	0.317986
18	0.285475
19	0.246668
20	0.205412
21	0.168845
22	0.140676
23	0.125716
24	0.120863
25	0.118171
26	0.110774
27	0.0970506
28	0.0814886
29	0.0694135
30	0.0625288
31	0.0586493
32	0.0557673
33	0.0518864
34	0.0468119
35	0.040873
36	0.0350594
37	0.0300422
38	0.02615
39	0.0234182
40	0.0218838
41	0.0210906
42	0.0202612
43	0.0190685
44	0.0175578
45	0.0159939
46	0.0146243
47	0.0135411
48	0.0127329
49	0.0121258
50	0.011602
51	0.00644623
52	0.00899409
53	0.00581371
54	0.00768364
55	0.00518778
56	0.00670231
57	0.00465891
58	0.00601101
59	0.00424632
60	0.00344375
61	0.00331537
62	0.0030335
63	0.00289678
64	0.00279534
65	0.00267347
66	0.00255145
67	0.00244387
68	0.00233555
69	0.00216515
70	0.00210196
71	0.00194433
72	0.00190114
73	0.00175699
74	0.00173165
75	0.00160683
76	0.00156904
77	0.00147153
78	0.00146568
79	0.00134793
80	0.00134167
81	0.00123173
82	0.00127674
83	0.0011758
84	0.00111578
85	0.00112964
86	0.001037
87	0.000674194
88	0.000565795
89	0.000610865
90	0.000545667
91	0.000645695
92	0.00056758
93	0.000659184
94	0.000566798
95	0.000660007
96	0.000541388
97	0.000641496
98	0.000497142
99	0.000616612
100	0.000450399
101	0.000597156
102	0.000655933
103	0.000482826
104	0.000319427
105	0.000699488
106	0.000673967
107	0.000711392
108	0.000581973
109	0.000820679
110	0.000599165
111	0.000395722
112	0.000645958
113	0.000900663
114	0.000708776
115	0.000987633
116	0.000912886
117	0.00110817
118	0.00111244
119	0.00121081
120	0.00124284
121	0.00129184
122	0.0013314
123	0.00138751
124	0.00146928
125	0.00151786
126	0.00161716
127	0.00157927
128	0.00178641
129	0.00172165
130	0.00196372
131	0.00188793
132	0.00215033
133	0.00199246
134	0.00222743
135	0.00208812
136	0.00230493
137	0.00218093
138	0.00238306
139	0.00226607
140	0.00245962
141	0.00234809
142	0.00253587
143	0.00242993
144	0.00261156
145	0.00251164
146	0.00268655
147	0.0025934
148	0.00276129
149	0.00267533
150	0.00283657
151	0.00275803
152	0.00291292
153	0.00283964
154	0.0029635
155	0.00288652
156	0.00300721
157	0.00293274
158	0.00304754
159	0.00297786
160	0.00308599
161	0.00302167
162	0.00312385
163	0.00306429
164	0.00316166
165	0.00310615
166	0.00319955
167	0.00314768
168	0.00323743
169	0.0031891
170	0.00327533
171	0.00323056
172	0.00331337
173	0.00327207
174	0.00335164
175	0.00331369
176	0.00339021
177	0.00335549
178	0.00342912
179	0.00339753
180	0.00346842
181	0.00343981
182	0.00350814
183	0.0034824
184	0.00354831
185	0.00352532
186	0.00358633
187	0.00356975
188	0.00362861
189	0.00361353
190	0.00367062
191	0.00365773
192	0.00371306
193	0.00370242
194	0.00375598
195	0.00374765
196	0.00379945
197	0.0037934
198	0.00384349
199	0.00382964
200	0.00383757
201	0.00380316
202	0.0038152
203	0.0037744
204	0.00378546
205	0.00374524
206	0.00375128
207	0.00371477
208	0.00371719
209	0.00368303
210	0.00368334
211	0.00364996
212	0.00364953
213	0.00361629
214	0.00361549
215	0.00358251
216	0.00358121
217	0.00354881
218	0.00354682
219	0.00351522
220	0.0035125
221	0.00348172
222	0.00347834
223	0.00344836
224	0.00344437
225	0.0034152
226	0.00341063
227	0.00338226
228	0.00337713
229	0.00334957
230	0.00334389
231	0.00331714
232	0.00331095
233	0.00328496
234	0.0032783
235	0.00325306
236	0.00324597
237	0.00322142
238	0.00321394
239	0.00319006
240	0.00318223
241	0.00315898
242	0.00315083
243	0.00312818
244	0.00311974
245	0.00309767
246	0.00308896
247	0.00306743
248	0.00305848
249	0.00303748
250	0.00302831
251	0.0030078
252	0.00299845
253	0.00297841
254	0.00296888
255	0.00294929
256	0.00293961
257	0.00292045
258	0.00291063
259	0.00289189
260	0.00288194
261	0.0028636
262	0.00285353
263	0.00283558
264	0.00282541
265	0.00280783
266	0.00279758
267	0.00278034
268	0.00277002
269	0.00275312
270	0.00274273
271	0.00272617
272	0.00271572
273	0.00269947
274	0.00268898
275	0.00267303
276	0.0026625
277	0.00264684
278	0.00263629
279	0.00262091
280	0.00261034
281	0.00259523
282	0.00258465
283	0.0025698
284	0.00255921
285	0.00254461
286	0.00253402
287	0.00251967
288	0.00250909
289	0.00249497
290	0.0024844
291	0.00247051
292	0.00245996
293	0.00244628
294	0.00243576
295	0.0024223
296	0.0024118
297	0.00239854
298	0.00238808
299	0.00237502
300	0.00236459
301	0.00235173
302	0.00234134
303	0.00232866
304	0.00231832
305	0.00230582
306	0.00229552
307	0.0022832
308	0.00227295
309	0.0022608
310	0.0022506
311	0.00223862
312	0.00222848
313	0.00221665
314	0.00220657
315	0.0021949
316	0.00218488
317	0.00217337
318	0.0021634
319	0.00215204
320	0.00214213
321	0.00213092
322	0.00212108
323	0.00211001
324	0.00210023
325	0.0020893
326	0.00207959
327	0.0020688
328	0.00205915
329	0.00204849
330	0.00203891
331	0.00202839
332	0.00201888
333	0.00200848
334	0.00199904
335	0.00198876
336	0.00197939
337	0.00196924
338	0.00195994
339	0.00194991
340	0.00194068
341	0.00193077
342	0.00192161
343	0.00191181
344	0.00190273
345	0.00189305
346	0.00188404
347	0.00187446
348	0.00186552
349	0.00185606
350	0.0018472
351	0.00183784
352	0.00182905
353	0.00181979
354	0.00181108
355	0.00180193
356	0.00179328
357	0.00178424
358	0.00177567
359	0.00176672
360	0.00175822
361	0.00174937
362	0.00174095
363	0.00173219
364	0.00172384
365	0.00171519
366	0.00170691
367	0.00169835
368	0.00169014
369	0.00168167
370	0.00167354
371	0.00166516
372	0.0016571
373	0.00164881
374	0.00164082
375	0.00163262
376	0.0016247
377	0.00161658
378	0.00160874
379	0.00160071
380	0.00159294
381	0.00158499
382	0.00157729
383	0.00156943
384	0.0015618
385	0.00155402
386	0.00154646
387	0.00153876
388	0.00153127
389	0.00152365
390	0.00151622
391	0.00150868
392	0.00150133
393	0.00149387
394	0.00148658
395	0.0014792
396	0.00147198
397	0.00146467
398	0.00145752
399	0.00145029
400	0.00144321
401	0.00143605
402	0.00142903
403	0.00142194
404	0.001415
405	0.00140798
406	0.0014011
407	0.00139415
408	0.00138734
409	0.00138046
410	0.00137371
411	0.0013669
412	0.00136022
413	0.00135348
414	0.00134686
415	0.00134019
416	0.00133363
417	0.00132703
418	0.00132053
419	0.00131399
420	0.00130756
421	0.00130109
422	0.00129471
423	0.00128831
424	0.001282
425	0.00127566
426	0.00126941
427	0.00126313
428	0.00125694
429	0.00125073
430	0.00124459
431	0.00123844
432	0.00123237
433	0.00122628
434	0.00122026
435	0.00121424
436	0.00120828
437	0.00120231
438	0.00119641
439	0.0011905
440	0.00118466
441	0.00117881
442	0.00117303
443	0.00116724
444	0.0011615
445	0.00115577
446	0.0011501
447	0.00114442
448	0.0011388
449	0.00113318
450	0.00112762
451	0.00112205
452	0.00111654
453	0.00111103
454	0.00110557
455	0.00110012
456	0.00109472
457	0.00108932
458	0.00108396
459	0.00107862
460	0.00107332
461	0.00106803
462	0.00106278
463	0.00105754
464	0.00105234
465	0.00104715
466	0.001042
467	0.00103687
468	0.00103177
469	0.00102668
470	0.00102164
471	0.0010166
472	0.0010116
473	0.00100662
474	0.00100167
475	0.000996729
476	0.000991828
477	0.00098694
478	0.000982087
479	0.000977247
480	0.000972441
481	0.000967649
482	0.00096289
483	0.000958146
484	0.000953433
485	0.000948736
486	0.000944069
487	0.000939418
488	0.000934797
489	0.000930192
490	0.000925616
491	0.000921056
492	0.000916525
493	0.00091201
494	0.000907524
495	0.000903053
496	0.00089861
497	0.000894184
498	0.000889785
499	0.000885402
500	0.000881046
501	0.000876706
502	0.000872393
503	0.000868096
504	0.000863824
505	0.00085957
506	0.00085534
507	0.000851128
508	0.00084694
509	0.000842769
510	0.000838622
511	0.000834491
512	0.000830385
513	0.000826296
514	0.00082223
515	0.00081818
516	0.000814154
517	0.000810145
518	0.000806158
519	0.000802188
520	0.00079824
521	0.00079431
522	0.000790401
523	0.000786508
524	0.000782638
525	0.000778784
526	0.000774951
527	0.000771135
528	0.00076734
529	0.000763562
530	0.000759804
531	0.000756062
532	0.000752341
533	0.000748637
534	0.000744952
535	0.000741284
536	0.000737636
537	0.000734004
538	0.000730391
539	0.000726795
540	0.000723218
541	0.000719657
542	0.000716115
543	0.000712589
544	0.000709082
545	0.00070559
546	0.000702117
547	0.00069866
548	0.000695222
549	0.000691799
550	0.000688394
551	0.000685004
552	0.000681633
553	0.000678277
554	0.000674938
555	0.000671615
556	0.000668309
557	0.000665019
558	0.000661746
559	0.000658488
560	0.000655246
561	0.00065202
562	0.000648811
563	0.000645617
564	0.000642439
565	0.000639276
566	0.000636129
567	0.000632997
568	0.000629881
569	0.00062678
570	0.000623695
571	0.000620625
572	0.00061757
573	0.000614529
574	0.000611504
575	0.000608494
576	0.000605498
577	0.000602517
578	0.000599552
579	0.0005966
580	0.000593663
581	0.00059074
582	0.000587833
583	0.000584939
584	0.000582059
585	0.000579194
586	0.000576343
587	0.000573505
588	0.000570682
589	0.000567873
590	0.000565077
591	0.000562295
592	0.000559527
593	0.000556773
594	0.000554032
595	0.000551305
596	0.000548591
597	0.00054589
598	0.000543203
599	0.000540529
600	0.000537868
601	0.00053522
602	0.000532585
603	0.000529963
604	0.000527355
605	0.000524758
606	0.000522175
607	0.000519605
608	0.000517047
609	0.000514501
610	0.000511969
611	0.000509448
612	0.00050694
613	0.000504445
614	0.000501962
615	0.00049949
616	0.000497032
617	0.000494585
618	0.00049215
619	0.000489727
620	0.000487317
621	0.000484918
622	0.00048253
623	0.000480155
624	0.000477791
625	0.000475439
626	0.000473099
627	0.00047077
628	0.000468452
629	0.000466146
630	0.000463851
631	0.000461568
632	0.000459296
633	0.000457035
634	0.000454785
635	0.000452546
636	0.000450318
637	0.000448101
638	0.000445896
639	0.0004437
640	0.000441516
641	0.000439343
642	0.00043718
643	0.000435028
644	0.000432886
645	0.000430755
646	0.000428635
647	0.000426525
648	0.000424425
649	0.000422336
650	0.000420257
651	0.000418188
652	0.000416129
653	0.000414081
654	0.000412042
655	0.000410014
656	0.000407995
657	0.000405987
658	0.000403988
659	0.000401999
660	0.00040002
661	0.000398051
662	0.000396092
663	0.000394142
664	0.000392202
665	0.000390271
666	0.00038835
667	0.000386438
668	0.000384535
669	0.000382643
670	0.000380759
671	0.000378884
672	0.000377019
673	0.000375163
674	0.000373316
675	0.000371479
676	0.00036965
677	0.00036783
678	0.000366019
679	0.000364218
680	0.000362425
681	0.000360641
682	0.000358865
683	0.000357099
684	0.000355341
685	0.000353591
686	0.000351851
687	0.000350119
688	0.000348395
689	0.00034668
690	0.000344973
691	0.000343275
692	0.000341585
693	0.000339904
694	0.00033823
695	0.000336565
696	0.000334909
697	0.00033326
698	0.000331619
699	0.000329987
700	0.000328362
701	0.000326746
702	0.000325137
703	0.000323537
704	0.000321944
705	0.000320359
706	0.000318782
707	0.000317213
708	0.000315651
709	0.000314097
710	0.000312551
711	0.000311013
712	0.000309481
713	0.000307958
714	0.000306442
715	0.000304933
716	0.000303432
717	0.000301939
718	0.000300452
719	0.000298973
720	0.000297501
721	0.000296037
722	0.000294579
723	0.000293129
724	0.000291686
725	0.00029025
726	0.000288822
727	0.0002874
728	0.000285985
729	0.000284577
730	0.000283176
731	0.000281782
732	0.000280395
733	0.000279015
734	0.000277641
735	0.000276274
736	0.000274914
737	0.000273561
738	0.000272214
739	0.000270874
740	0.000269541
741	0.000268214
742	0.000266893
743	0.00026558
744	0.000264272
745	0.000262971
746	0.000261677
747	0.000260389
748	0.000259107
749	0.000257831
750	0.000256562
751	0.000255299
752	0.000254042
753	0.000252792
754	0.000251547
755	0.000250309
756	0.000249077
757	0.00024785
758	0.00024663
759	0.000245416
760	0.000244208
761	0.000243006
762	0.00024181
763	0.000240619
764	0.000239435
765	0.000238256
766	0.000237083
767	0.000235916
768	0.000234755
769	0.000233599
770	0.000232449
771	0.000231305
772	0.000230166
773	0.000229033
774	0.000227906
775	0.000226784
776	0.000225667
777	0.000224556
778	0.000223451
779	0.000222351
780	0.000221256
781	0.000220167
782	0.000219083
783	0.000218005
784	0.000216932
785	0.000215864
786	0.000214801
787	0.000213744
788	0.000212691
789	0.000211644
790	0.000210602
791	0.000209566
792	0.000208534
793	0.000207507
794	0.000206486
795	0.000205469
796	0.000204458
797	0.000203451
798	0.00020245
799	0.000201453
800	0.000200462
801	0.000199475
802	0.000198493
803	0.000197516
804	0.000196543
805	0.000195576
806	0.000194613
807	0.000193655
808	0.000192702
809	0.000191753
810	0.000190809
811	0.00018987
812	0.000188935
813	0.000188005
814	0.000187079
815	0.000186158
816	0.000185242
817	0.00018433
818	0.000183423
819	0.00018252
820	0.000181621
821	0.000180727
822	0.000179837
823	0.000178952
824	0.000178071
825	0.000177195
826	0.000176322
827	0.000175454
828	0.000174591
829	0.000173731
830	0.000172876
831	0.000172025
832	0.000171178
833	0.000170335
834	0.000169497
835	0.000168662
836	0.000167832
837	0.000167006
838	0.000166184
839	0.000165366
840	0.000164552
841	0.000163742
842	0.000162936
843	0.000162133
844	0.000161335
845	0.000160541
846	0.000159751
847	0.000158964
848	0.000158182
849	0.000157403
850	0.000156628
851	0.000155857
852	0.00015509
853	0.000154326
854	0.000153567
855	0.000152811
856	0.000152058
857	0.00015131
858	0.000150565
859	0.000149824
860	0.000149086
861	0.000148352
862	0.000147622
863	0.000146895
864	0.000146172
865	0.000145453
866	0.000144737
867	0.000144024
868	0.000143315
869	0.00014261
870	0.000141908
871	0.000141209
872	0.000140514
873	0.000139822
874	0.000139134
875	0.000138449
876	0.000137767
877	0.000137089
878	0.000136414
879	0.000135743
880	0.000135074
881	0.00013441
882	0.000133748
883	0.000133089
884	0.000132434
885	0.000131782
886	0.000131134
887	0.000130488
888	0.000129846
889	0.000129206
890	0.00012857
891	0.000127937
892	0.000127308
893	0.000126681
894	0.000126057
895	0.000125437
896	0.000124819
897	0.000124205
898	0.000123593
899	0.000122985
900	0.00012238
901	0.000121777
902	0.000121178
903	0.000120581
904	0.000119987
905	0.000119397
906	0.000118809
907	0.000118224
908	0.000117642
909	0.000117063
910	0.000116487
911	0.000115913
912	0.000115343
913	0.000114775
914	0.00011421
915	0.000113648
916	0.000113088
917	0.000112531
918	0.000111978
919	0.000111426
920	0.000110878
921	0.000110332
922	0.000109789
923	0.000109248
924	0.000108711
925	0.000108175
