1	2.16816
2	0.166327
3	0.93979
4	1.59666
5	2.13679
6	2.52277
7	2.19797
8	1.77138
9	1.95871
10	2.17184
11	2.36062
12	2.51243
13	2.32851
14	2.17055
15	2.05696
16	1.97094
17	1.90012
18	1.84109
19	1.79347
20	1.75607
21	1.72609
22	1.69943
23	1.67191
24	1.64068
25	1.60579
26	1.57055
27	1.53931
28	1.51418
29	1.49411
30	1.47675
31	1.46036
32	1.44418
33	1.4287
34	1.41462
35	1.40253
36	1.39261
37	1.38466
38	1.3782
39	1.37267
40	1.3676
41	1.3627
42	1.35793
43	1.3534
44	1.34929
45	1.34564
46	1.34237
47	1.33936
48	1.33646
49	1.33358
50	1.33071
51	1.33249
52	1.33056
53	1.33216
54	1.33048
55	1.33186
56	1.33045
57	1.3317
58	1.3305
59	1.33163
60	1.33264
61	1.33357
62	1.33438
63	1.33517
64	1.33586
65	1.33655
66	1.33708
67	1.3377
68	1.33815
69	1.33865
70	1.33904
71	1.33948
72	1.33981
73	1.3402
74	1.34049
75	1.34083
76	1.3411
77	1.3414
78	1.34161
79	1.3419
80	1.34208
81	1.34235
82	1.34245
83	1.34276
84	1.34269
85	1.343
86	1.34288
87	1.34261
88	1.3424
89	1.3422
90	1.34207
91	1.34196
92	1.3419
93	1.34187
94	1.34185
95	1.34186
96	1.34187
97	1.3419
98	1.34192
99	1.34195
100	1.34197
101	1.34201
102	1.34188
103	1.34165
104	1.34152
105	1.34164
106	1.34154
107	1.34172
108	1.34158
109	1.3418
110	1.34167
111	1.34155
112	1.34158
113	1.34162
114	1.34162
115	1.34156
116	1.34161
117	1.34147
118	1.34153
119	1.34137
120	1.34141
121	1.34126
122	1.34124
123	1.34113
124	1.34105
125	1.34097
126	1.34087
127	1.34074
128	1.34061
129	1.34046
130	1.3403
131	1.34013
132	1.33995
133	1.33978
134	1.33959
135	1.33941
136	1.33923
137	1.33906
138	1.33887
139	1.33871
140	1.33853
141	1.33837
142	1.33821
143	1.33806
144	1.33791
145	1.33777
146	1.33764
147	1.33751
148	1.33738
149	1.33726
150	1.33714
151	1.33703
152	1.33692
153	1.33681
154	1.33672
155	1.33662
156	1.33653
157	1.33644
158	1.33636
159	1.33628
160	1.33621
161	1.33613
162	1.33607
163	1.33599
164	1.33593
165	1.33586
166	1.33581
167	1.33574
168	1.33569
169	1.33563
170	1.33558
171	1.33552
172	1.33547
173	1.33541
174	1.33537
175	1.33531
176	1.33527
177	1.33522
178	1.33518
179	1.33513
180	1.3351
181	1.33505
182	1.33502
183	1.33498
184	1.33495
185	1.33491
186	1.33488
187	1.33484
188	1.33481
189	1.33477
190	1.33475
191	1.33471
192	1.33469
193	1.33465
194	1.33463
195	1.3346
196	1.33458
197	1.33455
198	1.33453
199	1.3345
200	1.33448
201	1.33445
202	1.33444
203	1.33441
204	1.3344
205	1.33438
206	1.33437
207	1.33435
208	1.33434
209	1.33432
210	1.33431
211	1.33429
212	1.33428
213	1.33426
214	1.33425
215	1.33423
216	1.33423
217	1.33421
218	1.3342
219	1.33418
220	1.33418
221	1.33416
222	1.33415
223	1.33413
224	1.33413
225	1.33411
226	1.33411
227	1.33409
228	1.33408
229	1.33407
230	1.33406
231	1.33405
232	1.33405
233	1.33403
234	1.33403
235	1.33401
236	1.33401
237	1.334
238	1.334
239	1.33398
240	1.33398
241	1.33397
242	1.33397
243	1.33396
244	1.33395
245	1.33394
246	1.33394
247	1.33393
248	1.33393
249	1.33392
250	1.33392
251	1.33391
252	1.33391
253	1.3339
254	1.3339
255	1.33389
256	1.33389
257	1.33388
258	1.33388
259	1.33387
260	1.33388
261	1.33387
262	1.33387
263	1.33386
264	1.33386
265	1.33385
266	1.33385
267	1.33385
268	1.33385
269	1.33384
270	1.33384
271	1.33383
272	1.33384
273	1.33383
274	1.33383
275	1.33382
276	1.33383
277	1.33382
278	1.33382
279	1.33381
280	1.33382
281	1.33381
282	1.33381
283	1.33381
284	1.33381
285	1.3338
286	1.33381
287	1.3338
288	1.3338
289	1.3338
290	1.3338
291	1.33379
292	1.3338
293	1.33379
294	1.33379
295	1.33379
296	1.33379
297	1.33378
298	1.33379
299	1.33378
300	1.33379
301	1.33378
302	1.33378
303	1.33378
304	1.33378
305	1.33378
306	1.33378
307	1.33377
308	1.33378
309	1.33377
310	1.33378
311	1.33377
312	1.33377
313	1.33377
314	1.33377
315	1.33377
316	1.33377
317	1.33377
318	1.33377
319	1.33376
320	1.33377
321	1.33376
322	1.33377
323	1.33376
324	1.33377
325	1.33376
326	1.33376
327	1.33376
328	1.33376
329	1.33376
330	1.33376
331	1.33376
332	1.33376
333	1.33376
334	1.33376
335	1.33376
336	1.33376
337	1.33376
338	1.33376
339	1.33375
340	1.33376
341	1.33375
342	1.33376
343	1.33375
344	1.33376
345	1.33375
346	1.33376
347	1.33375
348	1.33376
349	1.33375
350	1.33376
351	1.33375
352	1.33375
353	1.33375
354	1.33375
355	1.33375
356	1.33375
357	1.33375
358	1.33375
359	1.33375
360	1.33375
361	1.33375
362	1.33375
363	1.33375
364	1.33375
365	1.33375
366	1.33375
367	1.33375
368	1.33375
369	1.33375
370	1.33375
371	1.33375
372	1.33375
373	1.33375
374	1.33375
375	1.33375
376	1.33375
377	1.33375
378	1.33375
379	1.33375
380	1.33375
381	1.33375
382	1.33375
383	1.33375
384	1.33375
385	1.33375
386	1.33375
387	1.33375
388	1.33375
389	1.33375
390	1.33375
391	1.33375
392	1.33375
393	1.33375
394	1.33375
395	1.33375
396	1.33375
397	1.33375
398	1.33375
399	1.33375
400	1.33375
401	1.33375
402	1.33375
403	1.33375
404	1.33375
405	1.33375
406	1.33375
407	1.33375
408	1.33375
409	1.33375
410	1.33375
411	1.33375
412	1.33375
413	1.33375
414	1.33375
415	1.33375
416	1.33375
417	1.33375
418	1.33375
419	1.33374
420	1.33375
421	1.33374
422	1.33375
423	1.33374
424	1.33375
425	1.33374
426	1.33375
427	1.33374
428	1.33375
429	1.33374
430	1.33375
431	1.33374
432	1.33375
433	1.33374
434	1.33375
435	1.33374
436	1.33375
437	1.33374
438	1.33375
439	1.33374
440	1.33375
441	1.33374
442	1.33375
443	1.33374
444	1.33375
445	1.33374
446	1.33375
447	1.33374
448	1.33375
449	1.33374
450	1.33375
451	1.33374
452	1.33375
453	1.33374
454	1.33375
455	1.33374
456	1.33375
457	1.33374
458	1.33375
459	1.33374
460	1.33375
461	1.33374
462	1.33375
463	1.33374
464	1.33375
465	1.33374
466	1.33375
467	1.33374
468	1.33375
469	1.33374
470	1.33375
471	1.33374
472	1.33375
473	1.33374
474	1.33375
475	1.33374
476	1.33375
477	1.33374
478	1.33375
479	1.33374
480	1.33375
481	1.33374
482	1.33375
483	1.33374
484	1.33375
485	1.33374
486	1.33375
487	1.33374
488	1.33375
489	1.33374
490	1.33375
491	1.33374
492	1.33375
493	1.33374
494	1.33375
495	1.33374
496	1.33375
497	1.33374
498	1.33375
499	1.33374
500	1.33375
501	1.33374
502	1.33375
503	1.33374
504	1.33375
505	1.33374
506	1.33375
507	1.33374
508	1.33375
509	1.33374
510	1.33375
511	1.33374
512	1.33375
513	1.33374
514	1.33375
515	1.33374
516	1.33375
517	1.33374
518	1.33375
519	1.33374
520	1.33375
521	1.33374
522	1.33375
523	1.33374
524	1.33375
525	1.33374
526	1.33375
527	1.33374
528	1.33375
529	1.33374
530	1.33375
531	1.33374
532	1.33375
533	1.33374
534	1.33375
535	1.33374
536	1.33375
537	1.33374
538	1.33375
539	1.33374
540	1.33375
541	1.33374
542	1.33375
543	1.33374
544	1.33375
545	1.33374
546	1.33375
547	1.33374
548	1.33375
549	1.33374
550	1.33375
551	1.33374
552	1.33375
553	1.33374
554	1.33375
555	1.33374
556	1.33375
557	1.33374
558	1.33375
559	1.33374
560	1.33375
561	1.33374
562	1.33375
563	1.33374
564	1.33375
565	1.33374
566	1.33375
567	1.33374
568	1.33375
569	1.33375
570	1.33375
571	1.33375
572	1.33375
573	1.33375
574	1.33375
575	1.33375
576	1.33375
577	1.33375
578	1.33375
579	1.33375
580	1.33375
581	1.33375
582	1.33375
583	1.33375
584	1.33375
585	1.33375
586	1.33375
587	1.33375
588	1.33375
589	1.33375
590	1.33375
591	1.33375
592	1.33375
593	1.33375
594	1.33375
595	1.33375
596	1.33375
597	1.33374
598	1.33375
599	1.33374
600	1.33375
601	1.33374
602	1.33375
603	1.33374
604	1.33375
605	1.33374
606	1.33375
607	1.33374
608	1.33374
609	1.33374
610	1.33374
611	1.33374
612	1.33374
613	1.33374
614	1.33374
615	1.33374
616	1.33375
617	1.33374
618	1.33375
619	1.33374
620	1.33375
621	1.33374
622	1.33375
623	1.33374
624	1.33374
625	1.33374
626	1.33374
627	1.33374
628	1.33374
629	1.33374
630	1.33374
631	1.33374
632	1.33374
633	1.33374
634	1.33374
635	1.33374
636	1.33374
637	1.33374
638	1.33374
639	1.33374
640	1.33374
641	1.33374
642	1.33374
643	1.33374
644	1.33374
645	1.33374
646	1.33374
647	1.33374
648	1.33374
649	1.33374
650	1.33374
651	1.33374
652	1.33374
653	1.33374
654	1.33374
655	1.33375
656	1.33375
657	1.33375
658	1.33375
659	1.33375
660	1.33375
661	1.33375
662	1.33375
663	1.33375
664	1.33375
665	1.33375
666	1.33375
667	1.33375
668	1.33375
669	1.33375
670	1.33375
671	1.33375
672	1.33375
673	1.33375
674	1.33375
675	1.33375
676	1.33375
677	1.33375
678	1.33375
679	1.33375
680	1.33375
681	1.33375
682	1.33375
683	1.33375
684	1.33375
685	1.33375
686	1.33375
687	1.33375
688	1.33375
689	1.33375
690	1.33375
691	1.33375
692	1.33375
693	1.33375
694	1.33375
695	1.33375
696	1.33375
697	1.33375
698	1.33375
699	1.33375
700	1.33375
701	1.33375
702	1.33375
703	1.33375
704	1.33375
705	1.33375
706	1.33375
707	1.33375
708	1.33375
709	1.33375
710	1.33375
711	1.33375
712	1.33375
713	1.33375
714	1.33375
715	1.33375
716	1.33375
717	1.33375
718	1.33375
719	1.33375
720	1.33375
721	1.33375
722	1.33375
723	1.33375
724	1.33375
725	1.33375
726	1.33375
727	1.33375
728	1.33375
729	1.33375
730	1.33375
731	1.33375
732	1.33375
733	1.33375
734	1.33375
735	1.33375
736	1.33375
737	1.33375
738	1.33375
739	1.33375
740	1.33375
741	1.33375
742	1.33375
743	1.33375
744	1.33375
745	1.33375
746	1.33375
747	1.33375
748	1.33375
749	1.33375
750	1.33375
751	1.33375
752	1.33375
753	1.33375
754	1.33375
755	1.33375
756	1.33375
757	1.33375
758	1.33375
759	1.33375
760	1.33375
761	1.33375
762	1.33375
763	1.33375
764	1.33375
765	1.33375
766	1.33375
767	1.33375
768	1.33375
769	1.33375
770	1.33375
771	1.33375
772	1.33375
773	1.33375
774	1.33375
775	1.33375
776	1.33375
777	1.33375
778	1.33375
779	1.33375
780	1.33375
781	1.33375
782	1.33375
783	1.33375
784	1.33375
785	1.33375
786	1.33375
787	1.33375
788	1.33375
789	1.33375
790	1.33375
791	1.33375
792	1.33375
793	1.33375
794	1.33375
795	1.33375
796	1.33375
797	1.33375
798	1.33375
799	1.33375
800	1.33375
801	1.33375
802	1.33375
803	1.33375
804	1.33375
805	1.33375
806	1.33375
807	1.33375
808	1.33375
809	1.33375
810	1.33375
811	1.33375
812	1.33375
813	1.33375
814	1.33375
815	1.33375
816	1.33375
817	1.33375
818	1.33375
819	1.33375
820	1.33375
821	1.33375
822	1.33375
823	1.33375
824	1.33375
825	1.33375
826	1.33375
827	1.33375
828	1.33375
829	1.33375
830	1.33375
831	1.33375
832	1.33375
833	1.33375
834	1.33375
835	1.33375
836	1.33375
837	1.33375
838	1.33375
839	1.33375
840	1.33375
841	1.33375
842	1.33375
843	1.33375
844	1.33375
845	1.33375
846	1.33375
847	1.33375
848	1.33375
849	1.33375
850	1.33375
851	1.33376
852	1.33376
853	1.33376
854	1.33376
855	1.33376
856	1.33376
857	1.33376
858	1.33376
859	1.33376
860	1.33376
861	1.33376
862	1.33376
863	1.33376
864	1.33376
865	1.33376
866	1.33376
867	1.33376
868	1.33376
869	1.33376
870	1.33376
871	1.33376
872	1.33376
873	1.33376
874	1.33376
875	1.33376
876	1.33376
877	1.33376
878	1.33376
879	1.33376
880	1.33376
881	1.33376
882	1.33376
883	1.33376
884	1.33376
885	1.33376
886	1.33376
887	1.33376
888	1.33376
889	1.33376
890	1.33376
891	1.33376
892	1.33376
893	1.33376
894	1.33376
895	1.33376
896	1.33376
897	1.33376
898	1.33376
899	1.33376
900	1.33376
901	1.33376
902	1.33376
903	1.33376
904	1.33376
905	1.33376
906	1.33376
907	1.33376
908	1.33376
909	1.33376
910	1.33376
911	1.33376
912	1.33376
913	1.33376
914	1.33376
915	1.33376
916	1.33376
917	1.33376
918	1.33376
919	1.33376
920	1.33376
921	1.33376
922	1.33376
923	1.33376
924	1.33376
925	1.33376
926	1.33376
927	1.33376
928	1.33376
929	1.33376
930	1.33376
931	1.33376
932	1.33376
933	1.33376
934	1.33376
935	1.33376
936	1.33376
937	1.33376
938	1.33376
939	1.33376
940	1.33376
941	1.33376
942	1.33376
943	1.33376
944	1.33376
945	1.33376
946	1.33376
947	1.33376
948	1.33376
949	1.33376
950	1.33376
951	1.33376
952	1.33376
953	1.33376
954	1.33376
955	1.33376
956	1.33376
957	1.33376
958	1.33376
959	1.33376
960	1.33376
961	1.33376
962	1.33376
963	1.33376
964	1.33376
965	1.33376
966	1.33376
967	1.33376
968	1.33376
969	1.33376
970	1.33376
971	1.33376
972	1.33376
973	1.33376
974	1.33376
975	1.33376
976	1.33376
977	1.33376
978	1.33376
979	1.33376
980	1.33376
981	1.33376
982	1.33376
983	1.33376
984	1.33376
985	1.33376
986	1.33376
987	1.33376
988	1.33376
989	1.33376
990	1.33376
991	1.33376
992	1.33376
993	1.33376
994	1.33376
995	1.33376
996	1.33376
997	1.33376
998	1.33376
999	1.33376
1000	1.33376
1001	1.33376
1002	1.33376
1003	1.33376
1004	1.33376
1005	1.33376
1006	1.33376
1007	1.33376
1008	1.33376
1009	1.33376
1010	1.33376
1011	1.33376
1012	1.33376
1013	1.33376
1014	1.33376
1015	1.33376
1016	1.33376
1017	1.33376
1018	1.33376
1019	1.33376
1020	1.33376
1021	1.33376
1022	1.33376
1023	1.33376
1024	1.33376
1025	1.33376
1026	1.33376
1027	1.33376
1028	1.33376
1029	1.33376
1030	1.33376
1031	1.33376
1032	1.33376
1033	1.33376
1034	1.33376
1035	1.33376
1036	1.33376
1037	1.33376
1038	1.33376
1039	1.33376
1040	1.33376
1041	1.33376
1042	1.33376
1043	1.33376
1044	1.33376
1045	1.33376
1046	1.33376
1047	1.33376
1048	1.33376
1049	1.33376
1050	1.33376
1051	1.33376
1052	1.33376
1053	1.33376
1054	1.33376
1055	1.33376
1056	1.33376
1057	1.33376
1058	1.33376
1059	1.33376
1060	1.33376
1061	1.33376
1062	1.33376
1063	1.33376
1064	1.33376
1065	1.33376
1066	1.33376
1067	1.33376
1068	1.33376
1069	1.33376
1070	1.33376
1071	1.33376
1072	1.33376
1073	1.33376
1074	1.33376
1075	1.33376
1076	1.33376
1077	1.33376
1078	1.33376
1079	1.33376
1080	1.33376
1081	1.33376
1082	1.33376
1083	1.33376
1084	1.33376
1085	1.33376
1086	1.33376
1087	1.33376
1088	1.33376
1089	1.33376
1090	1.33376
1091	1.33376
1092	1.33376
1093	1.33376
1094	1.33376
1095	1.33376
1096	1.33376
1097	1.33376
1098	1.33376
1099	1.33376
1100	1.33376
1101	1.33376
1102	1.33376
1103	1.33376
1104	1.33376
1105	1.33376
1106	1.33376
1107	1.33376
1108	1.33376
1109	1.33376
1110	1.33376
1111	1.33376
1112	1.33376
1113	1.33376
1114	1.33376
1115	1.33376
1116	1.33376
1117	1.33376
1118	1.33376
1119	1.33376
1120	1.33376
1121	1.33376
1122	1.33376
1123	1.33376
1124	1.33376
1125	1.33376
1126	1.33376
1127	1.33376
1128	1.33376
1129	1.33376
1130	1.33376
1131	1.33376
1132	1.33376
1133	1.33376
1134	1.33376
1135	1.33376
1136	1.33376
1137	1.33376
1138	1.33376
1139	1.33376
1140	1.33376
1141	1.33376
1142	1.33376
1143	1.33376
1144	1.33376
1145	1.33376
1146	1.33376
1147	1.33376
1148	1.33376
1149	1.33376
1150	1.33376
1151	1.33376
1152	1.33376
1153	1.33376
1154	1.33376
1155	1.33376
1156	1.33376
1157	1.33376
1158	1.33376
1159	1.33376
1160	1.33376
1161	1.33376
1162	1.33376
1163	1.33376
1164	1.33376
1165	1.33376
1166	1.33376
1167	1.33376
1168	1.33376
1169	1.33376
1170	1.33376
1171	1.33376
1172	1.33376
1173	1.33376
1174	1.33376
1175	1.33376
1176	1.33376
1177	1.33376
1178	1.33376
1179	1.33376
1180	1.33376
1181	1.33376
1182	1.33376
1183	1.33376
1184	1.33376
1185	1.33376
1186	1.33376
1187	1.33376
1188	1.33376
1189	1.33376
1190	1.33376
1191	1.33376
1192	1.33376
1193	1.33376
1194	1.33376
1195	1.33376
1196	1.33376
1197	1.33376
1198	1.33376
1199	1.33376
1200	1.33376
1201	1.33376
1202	1.33376
1203	1.33376
1204	1.33376
1205	1.33376
1206	1.33376
1207	1.33376
1208	1.33376
1209	1.33376
1210	1.33376
1211	1.33376
1212	1.33376
1213	1.33376
1214	1.33376
1215	1.33376
1216	1.33376
1217	1.33376
1218	1.33376
1219	1.33376
1220	1.33376
1221	1.33376
1222	1.33376
1223	1.33376
1224	1.33376
1225	1.33376
1226	1.33376
1227	1.33376
1228	1.33376
1229	1.33376
1230	1.33376
1231	1.33376
1232	1.33376
1233	1.33376
1234	1.33376
1235	1.33376
1236	1.33376
1237	1.33376
1238	1.33376
1239	1.33376
1240	1.33376
1241	1.33376
1242	1.33376
1243	1.33376
1244	1.33376
1245	1.33376
1246	1.33376
1247	1.33376
1248	1.33376
1249	1.33376
1250	1.33376
1251	1.33376
1252	1.33376
1253	1.33376
1254	1.33376
1255	1.33376
1256	1.33376
1257	1.33376
1258	1.33376
1259	1.33376
1260	1.33376
1261	1.33376
1262	1.33376
1263	1.33376
1264	1.33376
1265	1.33376
1266	1.33376
1267	1.33376
1268	1.33377
1269	1.33377
1270	1.33377
1271	1.33377
1272	1.33377
1273	1.33377
1274	1.33377
1275	1.33377
1276	1.33377
1277	1.33377
1278	1.33377
1279	1.33377
1280	1.33377
1281	1.33377
1282	1.33377
1283	1.33377
1284	1.33377
1285	1.33377
1286	1.33377
1287	1.33377
1288	1.33377
1289	1.33377
1290	1.33377
1291	1.33377
1292	1.33377
1293	1.33377
1294	1.33377
1295	1.33377
1296	1.33377
1297	1.33377
1298	1.33377
1299	1.33377
1300	1.33377
1301	1.33377
1302	1.33377
1303	1.33377
1304	1.33377
1305	1.33377
1306	1.33377
1307	1.33377
1308	1.33377
1309	1.33377
1310	1.33377
1311	1.33377
1312	1.33377
1313	1.33377
1314	1.33377
1315	1.33377
1316	1.33377
1317	1.33377
1318	1.33377
1319	1.33377
1320	1.33377
1321	1.33377
1322	1.33377
1323	1.33377
1324	1.33377
1325	1.33377
1326	1.33377
1327	1.33377
1328	1.33377
1329	1.33377
1330	1.33377
1331	1.33377
1332	1.33377
1333	1.33377
1334	1.33377
1335	1.33377
1336	1.33377
1337	1.33377
1338	1.33377
1339	1.33377
1340	1.33377
1341	1.33377
1342	1.33377
1343	1.33377
1344	1.33377
1345	1.33377
1346	1.33377
1347	1.33377
1348	1.33377
1349	1.33377
1350	1.33377
1351	1.33377
1352	1.33377
1353	1.33377
1354	1.33377
1355	1.33377
1356	1.33377
1357	1.33377
1358	1.33377
1359	1.33377
1360	1.33377
1361	1.33377
1362	1.33377
1363	1.33377
1364	1.33377
1365	1.33377
1366	1.33377
1367	1.33377
1368	1.33377
1369	1.33377
1370	1.33377
1371	1.33377
1372	1.33377
1373	1.33377
1374	1.33377
1375	1.33377
1376	1.33377
1377	1.33377
1378	1.33377
1379	1.33377
1380	1.33377
1381	1.33377
1382	1.33377
1383	1.33377
1384	1.33377
1385	1.33377
1386	1.33377
1387	1.33377
1388	1.33377
1389	1.33377
1390	1.33377
1391	1.33377
1392	1.33377
1393	1.33377
1394	1.33377
1395	1.33377
1396	1.33377
1397	1.33377
1398	1.33377
1399	1.33377
1400	1.33377
1401	1.33377
1402	1.33377
1403	1.33377
1404	1.33377
1405	1.33377
1406	1.33377
1407	1.33377
1408	1.33377
1409	1.33377
1410	1.33377
1411	1.33377
1412	1.33377
1413	1.33377
1414	1.33377
1415	1.33377
1416	1.33377
1417	1.33377
1418	1.33377
1419	1.33377
1420	1.33377
1421	1.33377
1422	1.33377
1423	1.33377
1424	1.33377
1425	1.33377
1426	1.33377
1427	1.33377
1428	1.33377
1429	1.33377
1430	1.33377
1431	1.33377
1432	1.33377
1433	1.33377
1434	1.33377
1435	1.33377
1436	1.33377
1437	1.33377
1438	1.33377
1439	1.33377
1440	1.33377
1441	1.33377
1442	1.33377
1443	1.33377
1444	1.33377
1445	1.33377
1446	1.33377
1447	1.33377
1448	1.33377
1449	1.33377
1450	1.33377
1451	1.33377
1452	1.33377
1453	1.33377
1454	1.33377
1455	1.33377
1456	1.33377
1457	1.33377
1458	1.33377
1459	1.33377
1460	1.33377
1461	1.33377
1462	1.33377
1463	1.33377
1464	1.33377
1465	1.33377
1466	1.33377
1467	1.33377
1468	1.33377
1469	1.33377
1470	1.33377
1471	1.33377
1472	1.33377
1473	1.33377
1474	1.33377
1475	1.33377
1476	1.33377
1477	1.33377
1478	1.33377
1479	1.33377
1480	1.33377
1481	1.33377
1482	1.33377
1483	1.33377
1484	1.33377
1485	1.33377
1486	1.33377
1487	1.33377
1488	1.33377
1489	1.33377
1490	1.33377
1491	1.33377
1492	1.33377
1493	1.33377
1494	1.33377
1495	1.33377
1496	1.33377
1497	1.33377
1498	1.33377
1499	1.33377
1500	1.33377
1501	1.33377
1502	1.33377
1503	1.33377
1504	1.33377
1505	1.33377
1506	1.33377
1507	1.33377
1508	1.33377
1509	1.33377
1510	1.33377
1511	1.33377
1512	1.33377
1513	1.33377
1514	1.33377
1515	1.33377
1516	1.33377
1517	1.33377
1518	1.33377
1519	1.33377
1520	1.33377
1521	1.33377
1522	1.33377
1523	1.33377
1524	1.33377
1525	1.33377
1526	1.33377
1527	1.33377
1528	1.33377
1529	1.33377
1530	1.33377
1531	1.33377
1532	1.33377
1533	1.33377
1534	1.33377
1535	1.33377
1536	1.33377
1537	1.33377
1538	1.33377
1539	1.33377
1540	1.33377
1541	1.33377
1542	1.33377
1543	1.33377
1544	1.33377
1545	1.33377
1546	1.33377
1547	1.33377
1548	1.33377
1549	1.33377
1550	1.33377
1551	1.33377
1552	1.33377
1553	1.33377
1554	1.33377
1555	1.33377
1556	1.33377
1557	1.33377
1558	1.33377
1559	1.33377
1560	1.33377
1561	1.33377
1562	1.33377
1563	1.33377
1564	1.33377
1565	1.33377
1566	1.33377
1567	1.33377
1568	1.33377
1569	1.33377
1570	1.33377
1571	1.33377
1572	1.33377
1573	1.33377
1574	1.33377
1575	1.33377
1576	1.33377
1577	1.33377
1578	1.33377
1579	1.33377
1580	1.33377
1581	1.33377
1582	1.33377
1583	1.33377
1584	1.33377
1585	1.33377
1586	1.33377
1587	1.33377
1588	1.33377
1589	1.33377
1590	1.33377
1591	1.33377
1592	1.33377
1593	1.33377
1594	1.33377
1595	1.33377
1596	1.33377
1597	1.33377
1598	1.33377
1599	1.33377
1600	1.33377
1601	1.33377
1602	1.33377
1603	1.33377
1604	1.33377
1605	1.33377
1606	1.33377
1607	1.33377
1608	1.33377
1609	1.33377
1610	1.33377
1611	1.33377
1612	1.33377
1613	1.33377
1614	1.33377
1615	1.33377
1616	1.33377
1617	1.33377
1618	1.33377
1619	1.33377
1620	1.33377
1621	1.33377
1622	1.33377
1623	1.33377
1624	1.33377
1625	1.33377
1626	1.33377
1627	1.33377
1628	1.33377
1629	1.33377
1630	1.33377
1631	1.33377
1632	1.33377
1633	1.33377
1634	1.33377
1635	1.33377
1636	1.33377
1637	1.33377
1638	1.33377
1639	1.33377
1640	1.33377
1641	1.33377
1642	1.33377
1643	1.33377
1644	1.33377
1645	1.33377
1646	1.33377
1647	1.33377
1648	1.33377
1649	1.33377
1650	1.33377
1651	1.33377
1652	1.33377
1653	1.33377
1654	1.33377
1655	1.33377
1656	1.33377
1657	1.33377
1658	1.33377
1659	1.33377
1660	1.33377
1661	1.33377
1662	1.33377
1663	1.33377
1664	1.33377
1665	1.33377
1666	1.33377
1667	1.33377
1668	1.33377
1669	1.33377
1670	1.33377
1671	1.33377
1672	1.33377
1673	1.33377
1674	1.33377
1675	1.33377
1676	1.33377
1677	1.33377
1678	1.33377
1679	1.33377
1680	1.33377
1681	1.33377
1682	1.33377
1683	1.33377
1684	1.33377
1685	1.33377
1686	1.33377
1687	1.33377
1688	1.33377
1689	1.33377
1690	1.33377
1691	1.33377
1692	1.33377
1693	1.33377
1694	1.33377
1695	1.33377
1696	1.33377
1697	1.33377
1698	1.33377
1699	1.33377
1700	1.33377
1701	1.33377
1702	1.33377
1703	1.33377
1704	1.33377
1705	1.33377
1706	1.33377
1707	1.33377
1708	1.33377
1709	1.33377
1710	1.33377
1711	1.33377
1712	1.33377
1713	1.33377
1714	1.33377
1715	1.33377
1716	1.33377
1717	1.33377
1718	1.33377
1719	1.33377
1720	1.33377
1721	1.33377
1722	1.33377
1723	1.33377
1724	1.33377
1725	1.33377
1726	1.33377
1727	1.33377
1728	1.33377
1729	1.33377
1730	1.33377
1731	1.33377
1732	1.33377
1733	1.33377
1734	1.33377
1735	1.33377
1736	1.33377
1737	1.33377
1738	1.33377
1739	1.33377
1740	1.33377
1741	1.33377
1742	1.33377
1743	1.33377
1744	1.33377
1745	1.33377
1746	1.33377
1747	1.33377
1748	1.33377
1749	1.33377
1750	1.33377
1751	1.33377
1752	1.33377
1753	1.33377
1754	1.33377
1755	1.33377
1756	1.33377
1757	1.33377
1758	1.33377
1759	1.33377
1760	1.33377
1761	1.33377
1762	1.33377
1763	1.33377
1764	1.33377
1765	1.33377
1766	1.33377
1767	1.33377
1768	1.33377
1769	1.33377
1770	1.33377
1771	1.33377
1772	1.33377
1773	1.33377
1774	1.33377
1775	1.33377
1776	1.33377
1777	1.33377
1778	1.33377
1779	1.33377
1780	1.33377
1781	1.33377
1782	1.33377
1783	1.33377
1784	1.33377
1785	1.33377
1786	1.33377
1787	1.33377
1788	1.33377
1789	1.33377
1790	1.33377
1791	1.33377
1792	1.33377
1793	1.33377
1794	1.33377
1795	1.33377
1796	1.33377
1797	1.33377
1798	1.33377
1799	1.33377
1800	1.33377
1801	1.33377
1802	1.33377
1803	1.33377
1804	1.33377
1805	1.33377
1806	1.33377
1807	1.33377
1808	1.33377
1809	1.33377
1810	1.33377
1811	1.33377
1812	1.33377
1813	1.33377
1814	1.33377
1815	1.33377
1816	1.33377
1817	1.33377
1818	1.33377
1819	1.33377
1820	1.33377
1821	1.33377
1822	1.33377
1823	1.33377
1824	1.33377
1825	1.33377
1826	1.33377
1827	1.33377
1828	1.33377
1829	1.33377
1830	1.33377
1831	1.33377
1832	1.33377
1833	1.33377
1834	1.33377
1835	1.33377
1836	1.33377
1837	1.33377
1838	1.33377
1839	1.33377
1840	1.33377
1841	1.33377
1842	1.33377
1843	1.33377
1844	1.33377
1845	1.33377
1846	1.33377
1847	1.33377
1848	1.33377
1849	1.33377
1850	1.33377
1851	1.33377
1852	1.33377
1853	1.33377
1854	1.33377
1855	1.33377
1856	1.33377
1857	1.33377
1858	1.33377
1859	1.33377
1860	1.33377
1861	1.33377
1862	1.33377
1863	1.33377
1864	1.33377
1865	1.33377
1866	1.33377
1867	1.33377
1868	1.33377
1869	1.33377
1870	1.33377
1871	1.33377
1872	1.33377
1873	1.33377
1874	1.33377
1875	1.33377
1876	1.33377
1877	1.33377
1878	1.33377
1879	1.33377
1880	1.33377
1881	1.33377
1882	1.33377
1883	1.33377
1884	1.33377
1885	1.33377
1886	1.33377
1887	1.33377
1888	1.33377
1889	1.33377
1890	1.33377
1891	1.33377
1892	1.33377
1893	1.33377
1894	1.33377
1895	1.33377
1896	1.33377
1897	1.33377
1898	1.33377
1899	1.33377
1900	1.33377
1901	1.33377
1902	1.33377
1903	1.33377
1904	1.33377
1905	1.33377
1906	1.33377
1907	1.33377
1908	1.33377
1909	1.33377
1910	1.33377
1911	1.33377
1912	1.33377
1913	1.33377
1914	1.33377
1915	1.33377
1916	1.33377
1917	1.33377
1918	1.33377
1919	1.33377
1920	1.33377
1921	1.33377
1922	1.33377
1923	1.33377
1924	1.33377
1925	1.33377
1926	1.33377
1927	1.33377
1928	1.33377
1929	1.33377
1930	1.33377
1931	1.33377
1932	1.33377
1933	1.33377
1934	1.33377
1935	1.33377
1936	1.33377
1937	1.33377
1938	1.33377
1939	1.33377
1940	1.33377
1941	1.33377
1942	1.33377
1943	1.33377
1944	1.33377
1945	1.33377
1946	1.33377
1947	1.33377
1948	1.33377
1949	1.33377
1950	1.33377
1951	1.33377
1952	1.33377
1953	1.33377
1954	1.33377
1955	1.33377
1956	1.33377
1957	1.33377
1958	1.33377
1959	1.33377
1960	1.33377
1961	1.33377
1962	1.33377
1963	1.33377
1964	1.33377
1965	1.33377
1966	1.33377
1967	1.33377
1968	1.33377
1969	1.33377
1970	1.33377
1971	1.33377
1972	1.33377
1973	1.33377
1974	1.33377
1975	1.33377
1976	1.33377
1977	1.33377
1978	1.33377
1979	1.33377
1980	1.33377
1981	1.33377
1982	1.33377
1983	1.33377
1984	1.33377
1985	1.33377
1986	1.33377
1987	1.33377
1988	1.33377
1989	1.33377
1990	1.33377
1991	1.33377
1992	1.33377
1993	1.33377
1994	1.33377
1995	1.33377
1996	1.33377
1997	1.33377
1998	1.33377
1999	1.33377
2000	1.33377
