1	0.08
2	0.08
3	0.09
4	0.1
5	0.1
6	0.11
7	0.11
8	0.12
9	0.13
10	0.14
11	0.14
12	0.14
13	0.15
14	0.16
15	0.16
16	0.17
17	0.17
18	0.18
19	0.19
20	0.19
21	0.2
22	0.2
23	0.21
24	0.22
25	0.22
26	0.23
27	0.23
28	0.24
29	0.25
30	0.26
31	0.26
32	0.27
33	0.27
34	0.28
35	0.28
36	0.29
37	0.3
38	0.3
39	0.31
40	0.31
41	0.32
42	0.33
43	0.33
44	0.34
45	0.34
46	0.35
47	0.36
48	0.37
49	0.37
50	0.37
51	0.38
52	0.39
53	0.39
54	0.4
55	0.41
56	0.42
57	0.42
58	0.42
59	0.43
60	0.44
61	0.44
62	0.45
63	0.46
64	0.47
65	0.47
66	0.47
67	0.48
68	0.49
69	0.49
70	0.5
71	0.51
72	0.51
73	0.52
74	0.53
75	0.53
76	0.54
77	0.54
78	0.55
79	0.56
80	0.56
81	0.57
82	0.58
83	0.59
84	0.59
85	0.59
86	0.6
87	0.61
88	0.61
89	0.62
90	0.63
91	0.63
92	0.64
93	0.65
94	0.65
95	0.66
96	0.67
97	0.68
98	0.69
99	0.69
100	0.71
101	0.74
102	0.75
103	0.75
104	0.76
105	0.77
106	0.78
107	0.79
108	0.79
109	0.8
110	0.81
111	0.81
112	0.82
113	0.82
114	0.83
115	0.84
116	0.84
117	0.85
118	0.86
119	0.86
120	0.87
121	0.87
122	0.88
123	0.89
124	0.89
125	0.9
126	0.91
127	0.91
128	0.92
129	0.93
130	0.93
131	0.94
132	0.94
133	0.94
134	0.95
135	0.95
136	0.96
137	0.96
138	0.97
139	0.98
140	0.98
141	0.99
142	1
143	1
144	1.01
145	1.01
146	1.02
147	1.03
148	1.03
149	1.04
150	1.05
151	1.05
152	1.06
153	1.06
154	1.07
155	1.08
156	1.08
157	1.09
158	1.09
159	1.1
160	1.11
161	1.11
162	1.12
163	1.12
164	1.13
165	1.14
166	1.14
167	1.15
168	1.16
169	1.16
170	1.17
171	1.17
172	1.18
173	1.19
174	1.19
175	1.2
176	1.2
177	1.21
178	1.22
179	1.22
180	1.23
181	1.23
182	1.24
183	1.25
184	1.25
185	1.26
186	1.26
187	1.27
188	1.28
189	1.28
190	1.29
191	1.3
192	1.3
193	1.31
194	1.31
195	1.32
196	1.33
197	1.33
198	1.34
199	1.34
200	1.36
201	1.37
202	1.37
203	1.38
204	1.39
205	1.39
206	1.4
207	1.4
208	1.41
209	1.41
210	1.42
211	1.43
212	1.43
213	1.44
214	1.44
215	1.45
216	1.46
217	1.46
218	1.47
219	1.48
220	1.48
221	1.49
222	1.49
223	1.5
224	1.51
225	1.51
226	1.52
227	1.52
228	1.53
229	1.53
230	1.54
231	1.55
232	1.55
233	1.56
234	1.56
235	1.57
236	1.58
237	1.58
238	1.59
239	1.6
240	1.6
241	1.61
242	1.61
243	1.62
244	1.63
245	1.63
246	1.64
247	1.64
248	1.65
249	1.66
250	1.66
251	1.67
252	1.67
253	1.68
254	1.69
255	1.69
256	1.7
257	1.71
258	1.71
259	1.72
260	1.72
261	1.73
262	1.74
263	1.74
264	1.75
265	1.75
266	1.76
267	1.77
268	1.77
269	1.78
270	1.78
271	1.79
272	1.8
273	1.8
274	1.81
275	1.81
276	1.82
277	1.83
278	1.83
279	1.84
280	1.85
281	1.85
282	1.86
283	1.86
284	1.87
285	1.88
286	1.88
287	1.89
288	1.89
289	1.9
290	1.91
291	1.91
292	1.92
293	1.92
294	1.93
295	1.94
296	1.94
297	1.95
298	1.96
299	1.96
300	1.98
301	1.98
302	1.99
303	2
304	2
305	2.01
306	2.01
307	2.02
308	2.03
309	2.03
310	2.04
311	2.05
312	2.05
313	2.06
314	2.06
315	2.07
316	2.08
317	2.08
318	2.09
319	2.09
320	2.1
321	2.11
322	2.11
323	2.12
324	2.12
325	2.13
326	2.14
327	2.14
328	2.15
329	2.16
330	2.16
331	2.17
332	2.17
333	2.18
334	2.19
335	2.19
336	2.2
337	2.2
338	2.21
339	2.22
340	2.22
341	2.23
342	2.23
343	2.24
344	2.25
345	2.25
346	2.26
347	2.26
348	2.27
349	2.28
350	2.28
351	2.29
352	2.3
353	2.3
354	2.31
355	2.31
356	2.32
357	2.33
358	2.33
359	2.34
360	2.34
361	2.35
362	2.36
363	2.36
364	2.37
365	2.37
366	2.38
367	2.39
368	2.39
369	2.4
370	2.4
371	2.41
372	2.42
373	2.42
374	2.43
375	2.43
376	2.44
377	2.45
378	2.45
379	2.46
380	2.47
381	2.47
382	2.48
383	2.48
384	2.49
385	2.49
386	2.5
387	2.51
388	2.51
389	2.52
390	2.53
391	2.53
392	2.54
393	2.55
394	2.55
395	2.56
396	2.56
397	2.57
398	2.57
399	2.58
400	2.6
401	2.6
402	2.61
403	2.62
404	2.62
405	2.63
406	2.63
407	2.64
408	2.65
409	2.65
410	2.66
411	2.67
412	2.67
413	2.68
414	2.68
415	2.69
416	2.7
417	2.7
418	2.71
419	2.72
420	2.72
421	2.73
422	2.73
423	2.74
424	2.75
425	2.75
426	2.76
427	2.76
428	2.77
429	2.78
430	2.78
431	2.79
432	2.79
433	2.8
434	2.81
435	2.81
436	2.82
437	2.82
438	2.83
439	2.84
440	2.84
441	2.85
442	2.85
443	2.86
444	2.87
445	2.87
446	2.88
447	2.89
448	2.89
449	2.9
450	2.9
451	2.91
452	2.92
453	2.92
454	2.93
455	2.93
456	2.94
457	2.95
458	2.95
459	2.96
460	2.96
461	2.97
462	2.98
463	2.98
464	2.99
465	2.99
466	3
467	3.01
468	3.01
469	3.02
470	3.02
471	3.03
472	3.04
473	3.04
474	3.05
475	3.05
476	3.06
477	3.07
478	3.07
479	3.08
480	3.09
481	3.09
482	3.1
483	3.1
484	3.11
485	3.12
486	3.12
487	3.13
488	3.14
489	3.14
490	3.15
491	3.15
492	3.16
493	3.16
494	3.17
495	3.18
496	3.18
497	3.19
498	3.19
499	3.2
500	3.22
501	3.22
502	3.23
503	3.24
504	3.24
505	3.25
506	3.25
507	3.26
508	3.27
509	3.27
510	3.28
511	3.28
512	3.29
513	3.3
514	3.3
515	3.31
516	3.31
517	3.32
518	3.33
519	3.33
520	3.34
521	3.34
522	3.35
523	3.36
524	3.36
525	3.37
526	3.37
527	3.38
528	3.39
529	3.39
530	3.4
531	3.41
532	3.41
533	3.42
534	3.42
535	3.43
536	3.44
537	3.44
538	3.45
539	3.45
540	3.46
541	3.47
542	3.47
543	3.48
544	3.48
545	3.49
546	3.5
547	3.5
548	3.51
549	3.51
550	3.52
551	3.53
552	3.53
553	3.54
554	3.54
555	3.55
556	3.56
557	3.56
558	3.57
559	3.57
560	3.58
561	3.59
562	3.59
563	3.6
564	3.6
565	3.61
566	3.62
567	3.63
568	3.63
569	3.63
570	3.64
571	3.65
572	3.65
573	3.66
574	3.66
575	3.67
576	3.68
577	3.68
578	3.69
579	3.69
580	3.7
581	3.71
582	3.71
583	3.72
584	3.72
585	3.73
586	3.74
587	3.74
588	3.75
589	3.75
590	3.76
591	3.77
592	3.77
593	3.78
594	3.78
595	3.79
596	3.8
597	3.8
598	3.81
599	3.81
600	3.83
601	3.84
602	3.84
603	3.85
604	3.85
605	3.86
606	3.87
607	3.87
608	3.88
609	3.88
610	3.89
611	3.89
612	3.9
613	3.91
614	3.91
615	3.92
616	3.92
617	3.93
618	3.94
619	3.94
620	3.95
621	3.96
622	3.96
623	3.97
624	3.97
625	3.98
626	3.98
627	3.99
628	4
629	4
630	4.01
631	4.01
632	4.02
633	4.02
634	4.03
635	4.04
636	4.04
637	4.05
638	4.05
639	4.06
640	4.06
641	4.07
642	4.08
643	4.08
644	4.09
645	4.09
646	4.1
647	4.1
648	4.11
649	4.11
650	4.12
651	4.12
652	4.13
653	4.14
654	4.14
655	4.14
656	4.15
657	4.15
658	4.16
659	4.16
660	4.17
661	4.17
662	4.18
663	4.19
664	4.19
665	4.2
666	4.2
667	4.21
668	4.21
669	4.22
670	4.22
671	4.23
672	4.23
673	4.24
674	4.24
675	4.25
676	4.25
677	4.26
678	4.26
679	4.27
680	4.27
681	4.28
682	4.28
683	4.29
684	4.29
685	4.3
686	4.3
687	4.31
688	4.31
689	4.32
690	4.32
691	4.33
692	4.33
693	4.34
694	4.34
695	4.35
696	4.35
697	4.36
698	4.36
699	4.37
700	4.38
701	4.39
702	4.4
703	4.4
704	4.41
705	4.41
706	4.42
707	4.42
708	4.43
709	4.43
710	4.44
711	4.44
712	4.45
713	4.45
714	4.46
715	4.46
716	4.47
717	4.47
718	4.48
719	4.48
720	4.49
721	4.49
722	4.5
723	4.5
724	4.51
725	4.52
726	4.52
727	4.52
728	4.53
729	4.53
730	4.54
731	4.54
732	4.55
733	4.55
734	4.56
735	4.56
736	4.57
737	4.57
738	4.58
739	4.58
740	4.59
741	4.59
742	4.6
743	4.61
744	4.61
745	4.62
746	4.62
747	4.63
748	4.64
749	4.64
750	4.64
751	4.65
752	4.65
753	4.66
754	4.66
755	4.67
756	4.67
757	4.68
758	4.68
759	4.69
760	4.69
761	4.7
762	4.7
763	4.71
764	4.71
765	4.72
766	4.72
767	4.73
768	4.73
769	4.74
770	4.74
771	4.75
772	4.76
773	4.76
774	4.77
775	4.77
776	4.78
777	4.78
778	4.79
779	4.79
780	4.8
781	4.8
782	4.81
783	4.81
784	4.82
785	4.82
786	4.83
787	4.83
788	4.84
789	4.84
790	4.85
791	4.85
792	4.86
793	4.86
794	4.87
795	4.87
796	4.88
797	4.88
798	4.89
799	4.89
800	4.91
801	4.92
802	4.92
803	4.93
804	4.94
805	4.94
806	4.94
807	4.95
808	4.95
809	4.96
810	4.96
811	4.97
812	4.97
813	4.98
814	4.98
815	4.99
816	4.99
817	5
818	5.01
819	5.01
820	5.02
821	5.02
822	5.03
823	5.03
824	5.04
825	5.04
826	5.05
827	5.05
828	5.06
829	5.06
830	5.07
831	5.07
832	5.08
833	5.08
834	5.09
835	5.09
836	5.1
837	5.1
838	5.11
839	5.11
840	5.12
841	5.12
842	5.13
843	5.13
844	5.14
845	5.14
846	5.15
847	5.15
848	5.16
849	5.16
850	5.17
851	5.17
852	5.18
853	5.19
854	5.2
855	5.2
856	5.2
857	5.21
858	5.21
859	5.22
860	5.22
861	5.23
862	5.23
863	5.24
864	5.24
865	5.25
866	5.25
867	5.26
868	5.26
869	5.27
870	5.27
871	5.28
872	5.28
873	5.29
874	5.29
875	5.3
876	5.31
877	5.31
878	5.32
879	5.32
880	5.33
881	5.33
882	5.34
883	5.34
884	5.35
885	5.35
886	5.36
887	5.36
888	5.37
889	5.37
890	5.38
891	5.38
892	5.39
893	5.39
894	5.4
895	5.4
896	5.41
897	5.41
898	5.42
899	5.43
900	5.44
901	5.45
902	5.45
903	5.46
904	5.46
905	5.47
906	5.47
907	5.48
908	5.48
909	5.49
910	5.49
911	5.5
912	5.5
913	5.51
914	5.51
915	5.52
916	5.52
917	5.53
918	5.53
919	5.54
920	5.54
921	5.55
922	5.56
923	5.56
924	5.57
925	5.57
926	5.58
927	5.58
928	5.59
929	5.59
930	5.6
931	5.6
932	5.61
933	5.61
934	5.62
935	5.62
936	5.63
937	5.63
938	5.64
939	5.64
940	5.65
941	5.65
942	5.66
943	5.66
944	5.67
945	5.68
946	5.68
947	5.69
948	5.69
949	5.7
950	5.7
951	5.71
952	5.71
953	5.72
954	5.72
955	5.73
956	5.73
957	5.74
958	5.74
959	5.75
960	5.75
961	5.76
962	5.76
963	5.77
964	5.78
965	5.78
966	5.79
967	5.79
968	5.8
969	5.8
970	5.81
971	5.81
972	5.82
973	5.82
974	5.83
975	5.83
976	5.84
977	5.84
978	5.85
979	5.85
980	5.86
981	5.86
982	5.87
983	5.87
984	5.88
985	5.88
986	5.89
987	5.9
988	5.9
989	5.91
990	5.91
991	5.92
992	5.92
993	5.93
994	5.93
995	5.94
996	5.94
997	5.95
998	5.95
999	5.96
1000	5.97
1001	5.98
1002	5.98
1003	5.99
1004	5.99
1005	6
1006	6
1007	6.01
1008	6.01
1009	6.02
1010	6.02
1011	6.03
1012	6.03
1013	6.04
1014	6.05
1015	6.05
1016	6.06
1017	6.06
1018	6.07
1019	6.07
1020	6.08
1021	6.08
1022	6.09
1023	6.09
1024	6.1
1025	6.1
1026	6.11
1027	6.11
1028	6.12
1029	6.12
1030	6.13
1031	6.14
1032	6.14
1033	6.15
1034	6.15
1035	6.16
1036	6.16
1037	6.17
1038	6.17
1039	6.18
1040	6.19
1041	6.19
1042	6.19
1043	6.2
1044	6.2
1045	6.21
1046	6.21
1047	6.22
1048	6.23
1049	6.23
1050	6.24
1051	6.24
1052	6.25
1053	6.25
1054	6.26
1055	6.26
1056	6.27
1057	6.27
1058	6.28
1059	6.28
1060	6.29
1061	6.29
1062	6.3
1063	6.3
1064	6.31
1065	6.31
1066	6.32
1067	6.32
1068	6.33
1069	6.33
1070	6.34
1071	6.34
1072	6.35
1073	6.36
1074	6.36
1075	6.37
1076	6.37
1077	6.38
1078	6.38
1079	6.39
1080	6.39
1081	6.4
1082	6.4
1083	6.41
1084	6.41
1085	6.42
1086	6.42
1087	6.43
1088	6.43
1089	6.44
1090	6.44
1091	6.45
1092	6.45
1093	6.46
1094	6.46
1095	6.47
1096	6.47
1097	6.48
1098	6.48
1099	6.49
1100	6.51
1101	6.51
1102	6.52
1103	6.52
1104	6.53
1105	6.53
1106	6.54
1107	6.54
1108	6.55
1109	6.55
1110	6.56
1111	6.56
1112	6.57
1113	6.57
1114	6.58
1115	6.59
1116	6.59
1117	6.6
1118	6.6
1119	6.61
1120	6.61
1121	6.62
1122	6.62
1123	6.63
1124	6.64
1125	6.64
1126	6.64
1127	6.65
1128	6.65
1129	6.66
1130	6.66
1131	6.67
1132	6.67
1133	6.68
1134	6.68
1135	6.69
1136	6.69
1137	6.7
1138	6.7
1139	6.71
1140	6.71
1141	6.72
1142	6.72
1143	6.73
1144	6.73
1145	6.74
1146	6.74
1147	6.75
1148	6.75
1149	6.76
1150	6.77
1151	6.78
1152	6.78
1153	6.78
1154	6.79
1155	6.79
1156	6.8
1157	6.8
1158	6.81
1159	6.81
1160	6.82
1161	6.82
1162	6.83
1163	6.83
1164	6.84
1165	6.84
1166	6.85
1167	6.85
1168	6.86
1169	6.86
1170	6.87
1171	6.87
1172	6.88
1173	6.88
1174	6.89
1175	6.9
1176	6.9
1177	6.91
1178	6.91
1179	6.92
1180	6.92
1181	6.93
1182	6.93
1183	6.94
1184	6.94
1185	6.95
1186	6.95
1187	6.96
1188	6.96
1189	6.97
1190	6.97
1191	6.98
1192	6.98
1193	6.99
1194	7
1195	7
1196	7.01
1197	7.01
1198	7.02
1199	7.02
1200	7.04
1201	7.04
1202	7.05
1203	7.05
1204	7.06
1205	7.06
1206	7.07
1207	7.07
1208	7.08
1209	7.08
1210	7.09
1211	7.09
1212	7.1
1213	7.1
1214	7.11
1215	7.11
1216	7.12
1217	7.13
1218	7.13
1219	7.14
1220	7.14
1221	7.15
1222	7.15
1223	7.16
1224	7.16
1225	7.17
1226	7.17
1227	7.18
1228	7.18
1229	7.19
1230	7.19
1231	7.2
1232	7.2
1233	7.21
1234	7.21
1235	7.22
1236	7.22
1237	7.23
1238	7.23
1239	7.24
1240	7.24
1241	7.25
1242	7.26
1243	7.27
1244	7.27
1245	7.27
1246	7.28
1247	7.28
1248	7.29
1249	7.29
1250	7.3
1251	7.3
1252	7.31
1253	7.31
1254	7.32
1255	7.32
1256	7.33
1257	7.33
1258	7.34
1259	7.35
1260	7.35
1261	7.35
1262	7.36
1263	7.36
1264	7.37
1265	7.37
1266	7.38
1267	7.38
1268	7.39
1269	7.39
1270	7.4
1271	7.4
1272	7.41
1273	7.41
1274	7.42
1275	7.42
1276	7.43
1277	7.43
1278	7.44
1279	7.44
1280	7.45
1281	7.45
1282	7.46
1283	7.47
1284	7.47
1285	7.48
1286	7.48
1287	7.49
1288	7.49
1289	7.5
1290	7.5
1291	7.51
1292	7.51
1293	7.52
1294	7.52
1295	7.53
1296	7.53
1297	7.54
1298	7.54
1299	7.55
1300	7.56
1301	7.57
1302	7.58
1303	7.58
1304	7.59
1305	7.59
1306	7.6
1307	7.6
1308	7.61
1309	7.61
1310	7.62
1311	7.62
1312	7.63
1313	7.63
1314	7.64
1315	7.64
1316	7.65
1317	7.65
1318	7.66
1319	7.66
1320	7.67
1321	7.67
1322	7.68
1323	7.68
1324	7.69
1325	7.69
1326	7.7
1327	7.7
1328	7.71
1329	7.71
1330	7.72
1331	7.73
1332	7.73
1333	7.74
1334	7.75
1335	7.75
1336	7.75
1337	7.76
1338	7.77
1339	7.77
1340	7.78
1341	7.78
1342	7.78
1343	7.79
1344	7.79
1345	7.8
1346	7.8
1347	7.81
1348	7.81
1349	7.82
1350	7.82
1351	7.83
1352	7.83
1353	7.84
1354	7.84
1355	7.85
1356	7.85
1357	7.86
1358	7.86
1359	7.87
1360	7.87
1361	7.88
1362	7.88
1363	7.89
1364	7.89
1365	7.9
1366	7.9
1367	7.91
1368	7.92
1369	7.92
1370	7.93
1371	7.93
1372	7.94
1373	7.95
1374	7.95
1375	7.95
1376	7.96
1377	7.96
1378	7.97
1379	7.97
1380	7.98
1381	7.98
1382	7.99
1383	7.99
1384	8
1385	8
1386	8.01
1387	8.01
1388	8.02
1389	8.02
1390	8.03
1391	8.03
1392	8.04
1393	8.04
1394	8.05
1395	8.05
1396	8.06
1397	8.06
1398	8.07
1399	8.07
1400	8.09
1401	8.1
1402	8.1
1403	8.11
1404	8.11
1405	8.12
1406	8.12
1407	8.13
1408	8.13
1409	8.14
1410	8.14
1411	8.15
1412	8.15
1413	8.16
1414	8.16
1415	8.17
1416	8.17
1417	8.18
1418	8.18
1419	8.19
1420	8.19
1421	8.2
1422	8.2
1423	8.21
1424	8.21
1425	8.22
1426	8.22
1427	8.23
1428	8.24
1429	8.24
1430	8.25
1431	8.25
1432	8.26
1433	8.26
1434	8.27
1435	8.27
1436	8.28
1437	8.28
1438	8.29
1439	8.29
1440	8.3
1441	8.3
1442	8.31
1443	8.31
1444	8.32
1445	8.32
1446	8.33
1447	8.34
1448	8.34
1449	8.35
1450	8.35
1451	8.36
1452	8.36
1453	8.37
1454	8.37
1455	8.38
1456	8.38
1457	8.39
1458	8.39
1459	8.4
1460	8.4
1461	8.41
1462	8.41
1463	8.42
1464	8.42
1465	8.43
1466	8.43
1467	8.44
1468	8.45
1469	8.45
1470	8.46
1471	8.46
1472	8.47
1473	8.47
1474	8.48
1475	8.48
1476	8.49
1477	8.49
1478	8.5
1479	8.5
1480	8.51
1481	8.51
1482	8.52
1483	8.52
1484	8.53
1485	8.53
1486	8.54
1487	8.54
1488	8.55
1489	8.55
1490	8.56
1491	8.56
1492	8.57
1493	8.57
1494	8.58
1495	8.58
1496	8.59
1497	8.59
1498	8.6
1499	8.61
1500	8.62
1501	8.63
1502	8.63
1503	8.64
1504	8.64
1505	8.65
1506	8.65
1507	8.66
1508	8.66
1509	8.67
1510	8.68
1511	8.68
1512	8.69
1513	8.69
1514	8.7
1515	8.7
1516	8.71
1517	8.71
1518	8.72
1519	8.72
1520	8.73
1521	8.73
1522	8.74
1523	8.74
1524	8.75
1525	8.75
1526	8.76
1527	8.76
1528	8.77
1529	8.77
1530	8.78
1531	8.79
1532	8.79
1533	8.8
1534	8.8
1535	8.81
1536	8.81
1537	8.82
1538	8.82
1539	8.83
1540	8.83
1541	8.84
1542	8.84
1543	8.85
1544	8.85
1545	8.86
1546	8.86
1547	8.87
1548	8.87
1549	8.88
1550	8.88
1551	8.89
1552	8.89
1553	8.9
1554	8.91
1555	8.91
1556	8.92
1557	8.92
1558	8.93
1559	8.93
1560	8.94
1561	8.94
1562	8.95
1563	8.95
1564	8.96
1565	8.96
1566	8.97
1567	8.97
1568	8.98
1569	8.98
1570	8.99
1571	8.99
1572	9
1573	9
1574	9.01
1575	9.01
1576	9.02
1577	9.02
1578	9.03
1579	9.03
1580	9.04
1581	9.04
1582	9.05
1583	9.06
1584	9.06
1585	9.07
1586	9.07
1587	9.08
1588	9.08
1589	9.09
1590	9.09
1591	9.1
1592	9.1
1593	9.11
1594	9.11
1595	9.12
1596	9.12
1597	9.13
1598	9.14
1599	9.14
1600	9.15
1601	9.16
1602	9.17
1603	9.17
1604	9.18
1605	9.18
1606	9.19
1607	9.19
1608	9.2
1609	9.2
1610	9.21
1611	9.21
1612	9.22
1613	9.22
1614	9.23
1615	9.23
1616	9.24
1617	9.24
1618	9.25
1619	9.25
1620	9.26
1621	9.26
1622	9.27
1623	9.27
1624	9.28
1625	9.28
1626	9.29
1627	9.3
1628	9.3
1629	9.31
1630	9.31
1631	9.32
1632	9.32
1633	9.33
1634	9.33
1635	9.34
1636	9.34
1637	9.35
1638	9.35
1639	9.36
1640	9.36
1641	9.37
1642	9.37
1643	9.38
1644	9.38
1645	9.39
1646	9.39
1647	9.4
1648	9.4
1649	9.41
1650	9.42
1651	9.42
1652	9.43
1653	9.43
1654	9.44
1655	9.44
1656	9.45
1657	9.45
1658	9.46
1659	9.46
1660	9.47
1661	9.47
1662	9.48
1663	9.48
1664	9.49
1665	9.5
1666	9.5
1667	9.5
1668	9.51
1669	9.51
1670	9.52
1671	9.52
1672	9.53
1673	9.53
1674	9.54
1675	9.55
1676	9.55
1677	9.56
1678	9.56
1679	9.57
1680	9.57
1681	9.58
1682	9.58
1683	9.59
1684	9.59
1685	9.6
1686	9.61
1687	9.61
1688	9.61
1689	9.62
1690	9.62
1691	9.63
1692	9.63
1693	9.64
1694	9.64
1695	9.65
1696	9.65
1697	9.66
1698	9.66
1699	9.67
1700	9.68
1701	9.69
1702	9.69
1703	9.7
1704	9.71
1705	9.71
1706	9.72
1707	9.72
1708	9.73
1709	9.73
1710	9.74
1711	9.75
1712	9.75
1713	9.75
1714	9.76
1715	9.76
1716	9.77
1717	9.77
1718	9.78
1719	9.78
1720	9.79
1721	9.79
1722	9.8
1723	9.8
1724	9.81
1725	9.82
1726	9.82
1727	9.83
1728	9.83
1729	9.84
1730	9.84
1731	9.85
1732	9.85
1733	9.86
1734	9.86
1735	9.87
1736	9.87
1737	9.88
1738	9.88
1739	9.89
1740	9.89
1741	9.9
1742	9.9
1743	9.91
1744	9.92
1745	9.92
1746	9.93
1747	9.93
1748	9.94
1749	9.94
1750	9.95
1751	9.95
1752	9.96
1753	9.96
1754	9.97
1755	9.97
1756	9.98
1757	9.98
1758	9.99
1759	9.99
1760	10
1761	10
1762	10.01
1763	10.01
1764	10.02
1765	10.02
1766	10.03
1767	10.03
1768	10.04
1769	10.04
1770	10.05
1771	10.06
1772	10.06
1773	10.07
1774	10.07
1775	10.08
1776	10.08
1777	10.09
1778	10.1
1779	10.1
1780	10.1
1781	10.11
1782	10.11
1783	10.12
1784	10.12
1785	10.13
1786	10.13
1787	10.14
1788	10.14
1789	10.15
1790	10.16
1791	10.16
1792	10.17
1793	10.17
1794	10.18
1795	10.18
1796	10.19
1797	10.19
1798	10.2
1799	10.2
1800	10.22
1801	10.22
1802	10.23
1803	10.23
1804	10.24
1805	10.24
1806	10.25
1807	10.26
1808	10.26
1809	10.27
1810	10.27
1811	10.28
1812	10.28
1813	10.29
1814	10.29
1815	10.3
1816	10.31
1817	10.31
1818	10.31
1819	10.32
1820	10.32
1821	10.33
1822	10.34
1823	10.34
1824	10.35
1825	10.35
1826	10.36
1827	10.36
1828	10.37
1829	10.37
1830	10.38
1831	10.38
1832	10.39
1833	10.39
1834	10.4
1835	10.4
1836	10.41
1837	10.41
1838	10.42
1839	10.42
1840	10.43
1841	10.43
1842	10.44
1843	10.44
1844	10.45
1845	10.46
1846	10.46
1847	10.47
1848	10.48
1849	10.48
1850	10.48
1851	10.49
1852	10.49
1853	10.5
1854	10.5
1855	10.51
1856	10.51
1857	10.52
1858	10.52
1859	10.53
1860	10.53
1861	10.54
1862	10.54
1863	10.55
1864	10.56
1865	10.56
1866	10.57
1867	10.58
1868	10.58
1869	10.59
1870	10.59
1871	10.6
1872	10.6
1873	10.6
1874	10.61
1875	10.61
1876	10.62
1877	10.62
1878	10.63
1879	10.63
1880	10.64
1881	10.64
1882	10.65
1883	10.65
1884	10.66
1885	10.66
1886	10.67
1887	10.68
1888	10.68
1889	10.69
1890	10.69
1891	10.7
1892	10.7
1893	10.71
1894	10.71
1895	10.72
1896	10.72
1897	10.73
1898	10.73
1899	10.74
1900	10.75
1901	10.76
1902	10.77
1903	10.77
1904	10.78
1905	10.78
1906	10.79
1907	10.79
1908	10.8
1909	10.8
1910	10.81
1911	10.81
1912	10.82
1913	10.82
1914	10.83
1915	10.83
1916	10.84
1917	10.84
1918	10.85
1919	10.86
1920	10.86
1921	10.87
1922	10.87
1923	10.88
1924	10.88
1925	10.89
1926	10.89
1927	10.9
1928	10.9
1929	10.91
1930	10.91
1931	10.92
1932	10.92
1933	10.93
1934	10.93
1935	10.94
1936	10.94
1937	10.95
1938	10.96
1939	10.96
1940	10.97
1941	10.97
1942	10.98
1943	10.98
1944	10.99
1945	10.99
1946	11
1947	11
1948	11.01
1949	11.01
1950	11.02
1951	11.02
1952	11.03
1953	11.03
1954	11.04
1955	11.05
1956	11.05
1957	11.06
1958	11.06
1959	11.07
1960	11.07
1961	11.08
1962	11.08
1963	11.09
1964	11.09
1965	11.1
1966	11.1
1967	11.11
1968	11.11
1969	11.12
1970	11.12
1971	11.13
1972	11.13
1973	11.14
1974	11.14
1975	11.15
1976	11.15
1977	11.16
1978	11.17
1979	11.17
1980	11.18
1981	11.18
1982	11.19
1983	11.19
1984	11.2
1985	11.2
1986	11.21
1987	11.21
1988	11.22
1989	11.22
1990	11.23
1991	11.23
1992	11.24
1993	11.24
1994	11.25
1995	11.25
1996	11.26
1997	11.26
1998	11.27
1999	11.28
2000	11.29
