1	1
2	0.290179
3	0.159772
4	0.108246
5	0.0936638
6	0.0796585
7	0.0666362
8	0.0575993
9	0.0487161
10	0.040895
11	0.0349415
12	0.0300503
13	0.0258758
14	0.0226201
15	0.0199179
16	0.0176925
17	0.0157726
18	0.0140591
19	0.0125154
20	0.0111011
21	0.00984213
22	0.00874151
23	0.00779005
24	0.00696194
25	0.00622803
26	0.0055721
27	0.00498008
28	0.00444734
29	0.0039772
30	0.0035718
31	0.00321578
32	0.00289351
33	0.00260351
34	0.00234081
35	0.00210144
36	0.00188579
37	0.00169307
38	0.00152213
39	0.00137038
40	0.00123562
41	0.00111562
42	0.00100845
43	0.000912239
44	0.000825673
45	0.000747828
46	0.000678224
47	0.000616331
48	0.000561251
49	0.000512095
50	0.000468044
51	0.000428337
52	0.000393803
53	0.000356491
54	0.000331996
55	0.000300369
56	0.000281435
57	0.000254694
58	0.000239987
59	0.000217371
60	0.000205862
61	0.000187292
62	0.000174596
63	0.000161175
64	0.000150399
65	0.00013982
66	0.000130805
67	0.00012211
68	0.000114435
69	0.000107186
70	0.000100626
71	9.45007e-05
72	8.89393e-05
73	8.377e-05
74	7.90555e-05
75	7.46798e-05
76	7.06277e-05
77	6.69039e-05
78	6.34169e-05
79	6.02155e-05
80	5.71421e-05
81	5.43879e-05
82	5.17433e-05
83	4.934e-05
84	4.70099e-05
85	4.48531e-05
86	4.28884e-05
87	4.10134e-05
88	3.95898e-05
89	3.78727e-05
90	3.62624e-05
91	3.52115e-05
92	3.35559e-05
93	3.29138e-05
94	3.12504e-05
95	3.09934e-05
96	2.92781e-05
97	2.94156e-05
98	2.76354e-05
99	2.83209e-05
100	2.65326e-05
101	2.77714e-05
102	2.61336e-05
103	2.72576e-05
104	2.60412e-05
105	2.81799e-05
106	2.74092e-05
107	3.0468e-05
108	3.00862e-05
109	3.27614e-05
110	3.26642e-05
111	3.63279e-05
112	3.7465e-05
113	4.15546e-05
114	4.46845e-05
115	5.02576e-05
116	5.49755e-05
117	6.17669e-05
118	6.74796e-05
119	7.43743e-05
120	7.97178e-05
121	8.80508e-05
122	9.42394e-05
123	0.00010373
124	0.000110977
125	0.000121768
126	0.000126797
127	0.00013605
128	0.000142086
129	0.000151466
130	0.000158047
131	0.000167968
132	0.000175002
133	0.00018064
134	0.000184113
135	0.000190492
136	0.000193469
137	0.000199619
138	0.000202555
139	0.000208372
140	0.000211274
141	0.000216816
142	0.000219635
143	0.000224991
144	0.000227739
145	0.000232958
146	0.000235654
147	0.000240769
148	0.000243445
149	0.00024848
150	0.000251168
151	0.000256146
152	0.000258869
153	0.000262631
154	0.000263899
155	0.000267141
156	0.000268428
157	0.000271588
158	0.000272782
159	0.000275825
160	0.000276977
161	0.000279904
162	0.000281049
163	0.000283859
164	0.000285006
165	0.000287721
166	0.000288878
167	0.000291519
168	0.000292692
169	0.000295274
170	0.000296469
171	0.000299003
172	0.000300226
173	0.00030272
174	0.000303977
175	0.000306439
176	0.000307732
177	0.000310168
178	0.0003115
179	0.000313914
180	0.000315286
181	0.000317683
182	0.000319095
183	0.00032148
184	0.000322933
185	0.000325308
186	0.000326802
187	0.000329165
188	0.000330714
189	0.00033308
190	0.000334671
191	0.00033704
192	0.000338671
193	0.000341044
194	0.000342717
195	0.000345091
196	0.000346808
197	0.000349183
198	0.000350945
199	0.000351169
200	0.000349652
201	0.000348889
202	0.000347587
203	0.000346756
204	0.000345315
205	0.000344388
206	0.000342864
207	0.000341808
208	0.000340229
209	0.000339072
210	0.000337448
211	0.00033622
212	0.000334559
213	0.000333283
214	0.000331597
215	0.000330289
216	0.000328588
217	0.000327255
218	0.00032555
219	0.0003242
220	0.000322497
221	0.000321134
222	0.00031944
223	0.00031807
224	0.000316387
225	0.000315013
226	0.000313345
227	0.000311969
228	0.000310318
229	0.000308943
230	0.000307309
231	0.000305937
232	0.00030432
233	0.000302953
234	0.000301355
235	0.000299993
236	0.000298413
237	0.000297058
238	0.000295497
239	0.000294149
240	0.000292607
241	0.000291265
242	0.000289742
243	0.000288409
244	0.000286904
245	0.000285579
246	0.000284092
247	0.000282775
248	0.000281307
249	0.000279999
250	0.000278548
251	0.00027725
252	0.000275816
253	0.000274527
254	0.00027311
255	0.00027183
256	0.000270431
257	0.00026916
258	0.000267777
259	0.000266516
260	0.000265149
261	0.000263897
262	0.000262547
263	0.000261305
264	0.00025997
265	0.000258738
266	0.000257419
267	0.000256196
268	0.000254892
269	0.000253679
270	0.00025239
271	0.000251187
272	0.000249912
273	0.000248719
274	0.000247459
275	0.000246275
276	0.000245029
277	0.000243856
278	0.000242624
279	0.00024146
280	0.000240242
281	0.000239088
282	0.000237883
283	0.000236739
284	0.000235548
285	0.000234414
286	0.000233235
287	0.000232111
288	0.000230945
289	0.000229831
290	0.000228678
291	0.000227573
292	0.000226432
293	0.000225338
294	0.000224209
295	0.000223124
296	0.000222008
297	0.000220932
298	0.000219828
299	0.000218762
300	0.000217669
301	0.000216613
302	0.000215532
303	0.000214486
304	0.000213415
305	0.000212379
306	0.00021132
307	0.000210293
308	0.000209245
309	0.000208227
310	0.00020719
311	0.000206182
312	0.000205155
313	0.000204156
314	0.000203141
315	0.000202151
316	0.000201146
317	0.000200166
318	0.000199171
319	0.000198199
320	0.000197215
321	0.000196253
322	0.000195278
323	0.000194325
324	0.000193361
325	0.000192416
326	0.000191462
327	0.000190526
328	0.000189581
329	0.000188655
330	0.00018772
331	0.000186802
332	0.000185876
333	0.000184967
334	0.000184051
335	0.000183151
336	0.000182243
337	0.000181352
338	0.000180454
339	0.000179571
340	0.000178682
341	0.000177807
342	0.000176927
343	0.00017606
344	0.000175189
345	0.000174331
346	0.000173469
347	0.000172619
348	0.000171765
349	0.000170924
350	0.000170078
351	0.000169245
352	0.000168408
353	0.000167583
354	0.000166754
355	0.000165937
356	0.000165117
357	0.000164307
358	0.000163495
359	0.000162693
360	0.000161889
361	0.000161095
362	0.000160299
363	0.000159513
364	0.000158725
365	0.000157946
366	0.000157166
367	0.000156395
368	0.000155623
369	0.000154859
370	0.000154094
371	0.000153338
372	0.000152581
373	0.000151832
374	0.000151083
375	0.000150341
376	0.000149599
377	0.000148864
378	0.00014813
379	0.000147402
380	0.000146675
381	0.000145954
382	0.000145234
383	0.000144521
384	0.000143808
385	0.000143101
386	0.000142396
387	0.000141696
388	0.000140997
389	0.000140304
390	0.000139612
391	0.000138926
392	0.000138241
393	0.000137562
394	0.000136884
395	0.000136211
396	0.000135539
397	0.000134873
398	0.000134208
399	0.000133548
400	0.00013289
401	0.000132237
402	0.000131585
403	0.000130938
404	0.000130293
405	0.000129652
406	0.000129013
407	0.000128379
408	0.000127746
409	0.000127118
410	0.000126491
411	0.000125869
412	0.000125249
413	0.000124633
414	0.000124019
415	0.000123409
416	0.000122801
417	0.000122197
418	0.000121595
419	0.000120997
420	0.000120401
421	0.000119809
422	0.000119218
423	0.000118632
424	0.000118047
425	0.000117467
426	0.000116888
427	0.000116313
428	0.00011574
429	0.000115171
430	0.000114603
431	0.00011404
432	0.000113478
433	0.00011292
434	0.000112363
435	0.000111811
436	0.00011126
437	0.000110712
438	0.000110167
439	0.000109625
440	0.000109085
441	0.000108548
442	0.000108014
443	0.000107482
444	0.000106953
445	0.000106427
446	0.000105902
447	0.000105381
448	0.000104862
449	0.000104346
450	0.000103832
451	0.000103322
452	0.000102813
453	0.000102307
454	0.000101803
455	0.000101302
456	0.000100803
457	0.000100307
458	9.9813e-05
459	9.9322e-05
460	9.88327e-05
461	9.83465e-05
462	9.78621e-05
463	9.73806e-05
464	9.6901e-05
465	9.64242e-05
466	9.59493e-05
467	9.54772e-05
468	9.50069e-05
469	9.45395e-05
470	9.40738e-05
471	9.3611e-05
472	9.31499e-05
473	9.26916e-05
474	9.22351e-05
475	9.17812e-05
476	9.13292e-05
477	9.08798e-05
478	9.04322e-05
479	8.99873e-05
480	8.95441e-05
481	8.91035e-05
482	8.86646e-05
483	8.82283e-05
484	8.77938e-05
485	8.73618e-05
486	8.69316e-05
487	8.65038e-05
488	8.60778e-05
489	8.56542e-05
490	8.52324e-05
491	8.4813e-05
492	8.43953e-05
493	8.398e-05
494	8.35664e-05
495	8.31552e-05
496	8.27457e-05
497	8.23385e-05
498	8.1933e-05
499	8.15299e-05
500	8.11284e-05
501	8.07291e-05
502	8.03316e-05
503	7.99363e-05
504	7.95426e-05
505	7.91512e-05
506	7.87614e-05
507	7.83738e-05
508	7.79879e-05
509	7.76041e-05
510	7.72219e-05
511	7.68419e-05
512	7.64635e-05
513	7.60872e-05
514	7.57125e-05
515	7.53399e-05
516	7.49689e-05
517	7.46e-05
518	7.42326e-05
519	7.38673e-05
520	7.35036e-05
521	7.31418e-05
522	7.27817e-05
523	7.24235e-05
524	7.20669e-05
525	7.17122e-05
526	7.13591e-05
527	7.10079e-05
528	7.06582e-05
529	7.03105e-05
530	6.99643e-05
531	6.962e-05
532	6.92771e-05
533	6.89362e-05
534	6.85967e-05
535	6.82592e-05
536	6.7923e-05
537	6.75888e-05
538	6.72559e-05
539	6.69249e-05
540	6.65954e-05
541	6.62677e-05
542	6.59413e-05
543	6.56168e-05
544	6.52937e-05
545	6.44089e-05
546	6.31605e-05
547	6.20295e-05
548	6.09012e-05
549	5.97913e-05
550	5.86696e-05
551	5.75796e-05
552	5.64762e-05
553	5.53996e-05
554	5.43242e-05
555	5.32654e-05
556	5.22196e-05
557	5.11851e-05
558	5.01694e-05
559	4.91651e-05
560	4.818e-05
561	4.72085e-05
562	4.62551e-05
563	4.53173e-05
564	4.43966e-05
565	4.34926e-05
566	4.26052e-05
567	4.17347e-05
568	4.03662e-05
569	3.87229e-05
570	3.7216e-05
571	3.57575e-05
572	3.43489e-05
573	3.29711e-05
574	3.16585e-05
575	3.03668e-05
576	2.91391e-05
577	2.79383e-05
578	2.67916e-05
579	2.568e-05
580	2.46137e-05
581	2.35868e-05
582	2.25994e-05
583	2.16519e-05
584	2.07405e-05
585	1.98673e-05
586	1.90279e-05
587	1.82241e-05
588	1.74521e-05
589	1.67128e-05
590	1.60035e-05
591	1.53242e-05
592	1.46728e-05
593	1.4049e-05
594	1.34513e-05
595	1.28787e-05
596	1.23303e-05
597	1.1805e-05
598	1.1302e-05
599	1.08202e-05
600	1.03589e-05
601	9.91719e-06
602	9.49423e-06
603	9.08921e-06
604	8.70144e-06
605	8.20308e-06
606	7.62138e-06
607	7.09148e-06
608	6.60729e-06
609	6.14263e-06
610	5.71675e-06
611	5.31322e-06
612	4.93926e-06
613	4.58859e-06
614	4.26251e-06
615	3.95811e-06
616	3.67501e-06
617	3.41131e-06
618	3.16612e-06
619	2.93815e-06
620	2.7262e-06
621	2.52939e-06
622	2.34642e-06
623	2.17672e-06
624	2.01891e-06
625	1.8727e-06
626	1.7367e-06
627	1.54672e-06
628	1.33677e-06
629	1.16903e-06
630	1.01515e-06
631	8.32154e-07
632	6.53604e-07
633	5.2178e-07
634	4.12203e-07
635	3.26164e-07
636	2.57997e-07
637	2.02657e-07
638	1.60081e-07
639	1.21721e-07
640	8.51713e-08
641	5.2218e-08
642	3.24664e-08
643	1.1349e-08
644	4.97403e-09
645	4.94489e-09
646	5.68431e-09
647	6.03754e-09
648	6.79757e-09
649	7.33026e-09
650	8.01088e-09
651	8.62931e-09
652	9.27756e-09
653	9.89112e-09
654	1.04969e-08
655	4.19999e-09
656	4.17723e-09
657	4.21545e-09
658	4.28963e-09
659	4.35926e-09
660	4.42897e-09
661	4.50169e-09
662	4.57432e-09
663	4.64772e-09
664	4.72256e-09
665	4.7984e-09
666	4.87579e-09
667	4.95372e-09
668	5.0309e-09
669	5.10817e-09
670	5.18724e-09
671	5.26725e-09
672	5.34777e-09
673	5.429e-09
674	5.51155e-09
675	5.59433e-09
676	5.6773e-09
677	5.76037e-09
678	5.84312e-09
679	5.92659e-09
680	6.01031e-09
681	6.09411e-09
682	6.17824e-09
683	6.26316e-09
684	6.34833e-09
685	6.43395e-09
686	6.51983e-09
687	6.60577e-09
688	6.69128e-09
689	6.77706e-09
690	6.86254e-09
691	6.94776e-09
692	7.03269e-09
693	7.11798e-09
694	7.20274e-09
695	7.28702e-09
696	7.37105e-09
697	7.45461e-09
698	7.53769e-09
699	7.62001e-09
700	7.7017e-09
701	7.78264e-09
702	7.86276e-09
703	7.94301e-09
704	8.02299e-09
705	8.10228e-09
706	8.18115e-09
707	8.25979e-09
708	8.3378e-09
709	8.41528e-09
710	8.49212e-09
711	8.56817e-09
712	8.64347e-09
713	8.71844e-09
714	8.79301e-09
715	8.867e-09
716	8.94051e-09
717	9.01358e-09
718	9.08639e-09
719	9.15879e-09
720	9.2307e-09
721	9.30197e-09
722	9.37331e-09
723	9.44459e-09
724	9.51522e-09
725	9.58526e-09
726	9.65516e-09
727	9.72479e-09
728	9.79387e-09
729	9.86239e-09
730	9.93018e-09
731	9.99724e-09
732	1.00636e-08
733	7.2719e-09
734	7.20268e-09
735	7.14894e-09
736	7.10326e-09
737	7.06716e-09
738	7.03771e-09
739	7.01348e-09
740	6.99778e-09
741	6.98941e-09
742	6.98901e-09
743	6.9973e-09
744	7.01566e-09
745	7.04671e-09
746	7.08625e-09
747	7.13175e-09
748	7.18353e-09
749	7.23847e-09
750	7.29877e-09
751	7.36418e-09
752	7.43087e-09
753	7.49808e-09
754	7.56684e-09
755	7.63714e-09
756	7.70887e-09
757	7.78249e-09
758	7.85852e-09
759	7.93597e-09
760	8.01444e-09
761	8.09357e-09
762	8.17354e-09
763	8.25418e-09
764	8.33638e-09
765	8.41805e-09
766	8.50095e-09
767	8.58592e-09
768	8.67106e-09
769	8.75546e-09
770	8.84018e-09
771	8.92521e-09
772	9.00999e-09
773	9.0945e-09
774	9.17928e-09
775	9.2642e-09
776	9.34861e-09
777	9.43254e-09
778	9.51605e-09
779	9.59861e-09
780	9.68024e-09
781	9.76108e-09
782	9.84106e-09
783	9.92011e-09
784	9.9985e-09
785	1.00763e-08
786	4.9745e-09
787	4.85468e-09
788	4.87417e-09
789	4.99614e-09
790	5.21568e-09
791	5.50572e-09
792	5.83088e-09
793	6.18483e-09
794	6.54825e-09
795	6.91707e-09
796	7.28514e-09
797	7.64771e-09
798	8.00351e-09
799	8.35913e-09
800	8.70996e-09
801	9.05283e-09
802	9.39077e-09
803	9.72492e-09
804	1.00542e-08
805	4.69554e-09
806	4.68181e-09
807	4.76359e-09
808	4.86969e-09
809	5.0176e-09
810	5.17417e-09
811	5.34654e-09
812	5.51811e-09
813	5.6927e-09
814	5.86469e-09
815	6.03489e-09
816	6.2007e-09
817	6.36583e-09
818	6.52766e-09
819	6.68631e-09
820	6.84177e-09
821	6.99508e-09
822	7.14562e-09
823	7.29426e-09
824	7.43933e-09
825	7.58164e-09
826	7.72056e-09
827	7.85628e-09
828	7.98801e-09
829	8.11672e-09
830	8.24354e-09
831	8.37125e-09
832	8.49722e-09
833	8.62098e-09
834	8.74136e-09
835	8.85842e-09
836	8.9722e-09
837	9.08427e-09
838	9.19474e-09
839	9.30242e-09
840	9.4073e-09
841	9.50982e-09
842	9.60986e-09
843	9.70719e-09
844	9.80241e-09
845	9.89522e-09
846	9.98561e-09
847	1.00739e-08
848	3.89048e-09
849	3.83616e-09
850	3.97888e-09
851	4.21349e-09
852	4.47741e-09
853	4.76403e-09
854	5.06483e-09
855	5.37252e-09
856	5.67715e-09
857	5.98464e-09
858	6.29122e-09
859	6.59636e-09
860	6.8981e-09
861	7.20453e-09
862	7.50335e-09
863	7.79453e-09
864	8.07872e-09
865	8.35562e-09
866	8.62551e-09
867	8.88849e-09
868	9.14607e-09
869	9.39713e-09
870	9.64133e-09
871	9.87874e-09
872	1.01093e-08
873	4.21649e-09
874	4.10438e-09
875	4.1293e-09
876	4.18334e-09
877	4.28486e-09
878	4.39939e-09
879	4.5445e-09
880	4.69716e-09
881	4.85882e-09
882	5.02841e-09
883	5.20464e-09
884	5.37936e-09
885	5.55469e-09
886	5.7312e-09
887	5.90571e-09
888	6.07545e-09
889	6.24707e-09
890	6.41565e-09
891	6.58002e-09
892	6.74441e-09
893	6.90548e-09
894	7.06142e-09
895	7.21252e-09
896	7.35918e-09
897	7.50105e-09
898	7.6383e-09
899	7.7714e-09
900	7.90069e-09
901	8.02675e-09
902	8.15047e-09
903	8.27215e-09
904	8.39098e-09
905	8.50652e-09
906	8.61847e-09
907	8.72702e-09
908	8.83219e-09
909	8.93457e-09
910	9.035e-09
911	9.13393e-09
912	9.23014e-09
913	9.32372e-09
914	9.41469e-09
915	9.50361e-09
916	9.59097e-09
917	9.67646e-09
918	9.75996e-09
919	9.84112e-09
920	9.92001e-09
921	9.99671e-09
922	1.00713e-08
923	4.34456e-09
924	4.25638e-09
925	4.28875e-09
926	4.43384e-09
927	4.63295e-09
928	4.8948e-09
929	5.17912e-09
930	5.47906e-09
931	5.78445e-09
932	6.09754e-09
933	6.40678e-09
934	6.71269e-09
935	7.01352e-09
936	7.30732e-09
937	7.59593e-09
938	7.88317e-09
939	8.16412e-09
940	8.43787e-09
941	8.70485e-09
942	8.96476e-09
943	9.21812e-09
944	9.46546e-09
945	9.70491e-09
946	9.93652e-09
947	1.01607e-08
948	4.3789e-09
949	4.27157e-09
950	4.30897e-09
951	4.37496e-09
952	4.49227e-09
953	4.62356e-09
954	4.77986e-09
955	4.94251e-09
956	5.11392e-09
957	5.28662e-09
958	5.46699e-09
959	5.65005e-09
960	5.83504e-09
961	6.01996e-09
962	6.20487e-09
963	6.38492e-09
964	6.56052e-09
965	6.73205e-09
966	6.89826e-09
967	7.06044e-09
968	7.2198e-09
969	7.37439e-09
970	7.52406e-09
971	7.66934e-09
972	7.81083e-09
973	7.94909e-09
974	8.08493e-09
975	8.2163e-09
976	8.34344e-09
977	8.46698e-09
978	8.58703e-09
979	8.70322e-09
980	8.8159e-09
981	8.92504e-09
982	9.03057e-09
983	9.1326e-09
984	9.23123e-09
985	9.32728e-09
986	9.42033e-09
987	9.51066e-09
988	9.59835e-09
989	9.68333e-09
990	9.76572e-09
991	9.84687e-09
992	9.92629e-09
993	1.00036e-08
994	3.98762e-09
995	3.8811e-09
996	3.91964e-09
997	4.07355e-09
998	4.2743e-09
999	4.53785e-09
1000	4.82919e-09
1001	5.12825e-09
1002	5.4256e-09
1003	5.72244e-09
1004	6.01643e-09
1005	6.30268e-09
1006	6.58336e-09
1007	6.85752e-09
1008	7.12676e-09
1009	7.39058e-09
1010	7.6488e-09
1011	7.90208e-09
1012	8.14713e-09
1013	8.38564e-09
1014	8.61674e-09
1015	8.84042e-09
1016	9.05908e-09
1017	9.27176e-09
1018	9.48118e-09
1019	9.68401e-09
1020	9.88024e-09
1021	1.00706e-08
1022	4.32855e-09
1023	4.20334e-09
1024	4.2337e-09
1025	4.29578e-09
1026	4.41398e-09
1027	4.55921e-09
1028	4.72849e-09
1029	4.90646e-09
1030	5.09232e-09
1031	5.28702e-09
1032	5.48893e-09
1033	5.697e-09
1034	5.90695e-09
1035	6.11118e-09
1036	6.30864e-09
1037	6.50061e-09
1038	6.68648e-09
1039	6.87026e-09
1040	7.05105e-09
1041	7.22589e-09
1042	7.39475e-09
1043	7.55873e-09
1044	7.71751e-09
1045	7.87343e-09
1046	8.02563e-09
1047	8.17339e-09
1048	8.31724e-09
1049	8.45591e-09
1050	8.58968e-09
1051	8.71865e-09
1052	8.843e-09
1053	8.96346e-09
1054	9.08006e-09
1055	9.19297e-09
1056	9.3019e-09
1057	9.40704e-09
1058	9.50981e-09
1059	9.60958e-09
1060	9.70601e-09
1061	9.79967e-09
1062	9.89084e-09
1063	9.97897e-09
1064	1.00647e-08
1065	4.14585e-09
1066	4.02922e-09
1067	4.05146e-09
1068	4.19624e-09
1069	4.37272e-09
1070	4.59769e-09
1071	4.86071e-09
1072	5.14808e-09
1073	5.44247e-09
1074	5.73171e-09
1075	6.01764e-09
1076	6.30012e-09
1077	6.57707e-09
1078	6.84682e-09
1079	7.11037e-09
1080	7.36566e-09
1081	7.61361e-09
1082	7.85723e-09
1083	8.09552e-09
1084	8.32852e-09
1085	8.55339e-09
1086	8.77059e-09
1087	8.981e-09
1088	9.18458e-09
1089	9.38178e-09
1090	9.57484e-09
1091	9.76265e-09
1092	9.94498e-09
1093	1.01227e-08
1094	4.26469e-09
1095	4.13152e-09
1096	4.15707e-09
1097	4.22594e-09
1098	4.34349e-09
1099	4.4914e-09
1100	4.66345e-09
1101	4.84878e-09
1102	5.04008e-09
1103	5.24748e-09
1104	5.45975e-09
1105	5.67606e-09
1106	5.89138e-09
1107	6.10236e-09
1108	6.30715e-09
1109	6.50491e-09
1110	6.70056e-09
1111	6.89032e-09
1112	7.07507e-09
1113	7.2559e-09
1114	7.43075e-09
1115	7.60041e-09
1116	7.76447e-09
1117	7.92268e-09
1118	8.07737e-09
1119	8.22724e-09
1120	8.37336e-09
1121	8.51544e-09
1122	8.65355e-09
1123	8.78678e-09
1124	8.91536e-09
1125	9.03947e-09
1126	9.15931e-09
1127	9.27499e-09
1128	9.38661e-09
1129	9.49425e-09
1130	9.59886e-09
1131	9.70104e-09
1132	9.79982e-09
1133	9.89524e-09
1134	9.98748e-09
1135	1.00773e-08
1136	4.09016e-09
1137	3.97355e-09
1138	4.00303e-09
1139	4.14562e-09
1140	4.33077e-09
1141	4.5532e-09
1142	4.80863e-09
1143	5.09251e-09
1144	5.38377e-09
1145	5.67459e-09
1146	5.95824e-09
1147	6.23865e-09
1148	6.51477e-09
1149	6.78226e-09
1150	7.04338e-09
1151	7.2954e-09
1152	7.53989e-09
1153	7.77895e-09
1154	8.01375e-09
1155	8.24442e-09
1156	8.46739e-09
1157	8.68344e-09
1158	8.89204e-09
1159	9.09315e-09
1160	9.28864e-09
1161	9.47889e-09
1162	9.66424e-09
1163	9.8441e-09
1164	1.0018e-08
1165	4.17967e-09
1166	4.04213e-09
1167	4.06333e-09
1168	4.13289e-09
1169	4.24795e-09
1170	4.39358e-09
1171	4.56369e-09
1172	4.75011e-09
1173	4.94497e-09
1174	5.15157e-09
1175	5.36443e-09
1176	5.57842e-09
1177	5.79049e-09
1178	5.99889e-09
1179	6.2019e-09
1180	6.39916e-09
1181	6.59334e-09
1182	6.78191e-09
1183	6.96327e-09
1184	7.14018e-09
1185	7.3134e-09
1186	7.48097e-09
1187	7.64288e-09
1188	7.79912e-09
1189	7.95091e-09
1190	8.09801e-09
1191	8.24e-09
1192	8.37789e-09
1193	8.5127e-09
1194	8.64444e-09
1195	8.77149e-09
1196	8.89397e-09
1197	9.01217e-09
1198	9.12608e-09
1199	9.23595e-09
1200	9.34206e-09
1201	9.44499e-09
1202	9.54472e-09
1203	9.64139e-09
1204	9.73495e-09
1205	9.82531e-09
1206	9.91269e-09
1207	9.99717e-09
1208	1.00795e-08
1209	4.14543e-09
1210	4.02172e-09
1211	4.04778e-09
1212	4.17978e-09
1213	4.36527e-09
1214	4.58355e-09
1215	4.83327e-09
1216	5.11886e-09
1217	5.41275e-09
1218	5.70921e-09
1219	6.00013e-09
1220	6.28524e-09
1221	6.56629e-09
1222	6.84055e-09
1223	7.10725e-09
1224	7.36517e-09
1225	7.61379e-09
1226	7.85616e-09
1227	8.09572e-09
1228	8.32989e-09
1229	8.55653e-09
1230	8.77643e-09
1231	8.98915e-09
1232	9.1943e-09
1233	9.39288e-09
1234	9.58685e-09
1235	9.77507e-09
1236	9.95798e-09
1237	1.01347e-08
1238	4.24868e-09
1239	4.11176e-09
1240	4.13076e-09
1241	4.2009e-09
1242	4.31689e-09
1243	4.46394e-09
1244	4.63778e-09
1245	4.82271e-09
1246	5.01856e-09
1247	5.22552e-09
1248	5.43915e-09
1249	5.65393e-09
1250	5.86706e-09
1251	6.07595e-09
1252	6.2817e-09
1253	6.48095e-09
1254	6.67636e-09
1255	6.86624e-09
1256	7.04885e-09
1257	7.22758e-09
1258	7.40126e-09
1259	7.57052e-09
1260	7.73383e-09
1261	7.89093e-09
1262	8.0427e-09
1263	8.19071e-09
1264	8.33408e-09
1265	8.47345e-09
1266	8.60808e-09
1267	8.73983e-09
1268	8.86799e-09
1269	8.99167e-09
1270	9.11087e-09
1271	9.22582e-09
1272	9.33667e-09
1273	9.44375e-09
1274	9.54724e-09
1275	9.6478e-09
1276	9.74526e-09
1277	9.83986e-09
1278	9.93145e-09
1279	1.00199e-08
1280	4.05523e-09
1281	3.92796e-09
1282	3.95553e-09
1283	4.0789e-09
1284	4.26237e-09
1285	4.47546e-09
1286	4.71527e-09
1287	4.99321e-09
1288	5.27827e-09
1289	5.56407e-09
1290	5.84793e-09
1291	6.12363e-09
1292	6.39756e-09
1293	6.66294e-09
1294	6.9221e-09
1295	7.17329e-09
1296	7.41557e-09
1297	7.64963e-09
1298	7.87895e-09
1299	8.10372e-09
1300	8.32257e-09
1301	8.53525e-09
1302	8.74168e-09
1303	8.94097e-09
1304	9.13346e-09
1305	9.32066e-09
1306	9.50178e-09
1307	9.67776e-09
1308	9.84919e-09
1309	1.0015e-08
1310	4.17615e-09
1311	4.03672e-09
1312	4.0555e-09
1313	4.12748e-09
1314	4.24686e-09
1315	4.39988e-09
1316	4.57767e-09
1317	4.76792e-09
1318	4.97144e-09
1319	5.1859e-09
1320	5.40726e-09
1321	5.6268e-09
1322	5.844e-09
1323	6.05927e-09
1324	6.26839e-09
1325	6.47248e-09
1326	6.6721e-09
1327	6.86544e-09
1328	7.05243e-09
1329	7.23482e-09
1330	7.41194e-09
1331	7.58416e-09
1332	7.75003e-09
1333	7.90969e-09
1334	8.06519e-09
1335	8.21539e-09
1336	8.36107e-09
1337	8.50246e-09
1338	8.64032e-09
1339	8.77475e-09
1340	8.90497e-09
1341	9.03046e-09
1342	9.15138e-09
1343	9.26801e-09
1344	9.38072e-09
1345	9.49014e-09
1346	9.59573e-09
1347	9.69798e-09
1348	9.79701e-09
1349	9.893e-09
1350	9.98576e-09
1351	1.00756e-08
1352	4.12474e-09
1353	3.9947e-09
1354	4.02763e-09
1355	4.14827e-09
1356	4.33164e-09
1357	4.54277e-09
1358	4.77935e-09
1359	5.05534e-09
1360	5.34212e-09
1361	5.6297e-09
1362	5.9161e-09
1363	6.194e-09
1364	6.46976e-09
1365	6.73782e-09
1366	6.99973e-09
1367	7.25349e-09
1368	7.4983e-09
1369	7.73485e-09
1370	7.96692e-09
1371	8.19436e-09
1372	8.41555e-09
1373	8.62959e-09
1374	8.8367e-09
1375	9.03805e-09
1376	9.2326e-09
1377	9.42166e-09
1378	9.60404e-09
1379	9.78145e-09
1380	9.95398e-09
1381	1.01213e-08
1382	4.19566e-09
1383	4.05228e-09
1384	4.06999e-09
1385	4.14291e-09
1386	4.26355e-09
1387	4.42053e-09
1388	4.60016e-09
1389	4.79277e-09
1390	4.99982e-09
1391	5.21763e-09
1392	5.44296e-09
1393	5.6648e-09
1394	5.88603e-09
1395	6.10326e-09
1396	6.31468e-09
1397	6.52169e-09
1398	6.72358e-09
1399	6.9195e-09
1400	7.10848e-09
1401	7.29309e-09
1402	7.47185e-09
1403	7.64586e-09
1404	7.81357e-09
1405	7.9751e-09
1406	8.13234e-09
1407	8.28404e-09
1408	8.43133e-09
1409	8.57456e-09
1410	8.71397e-09
1411	8.84952e-09
1412	8.98111e-09
1413	9.10797e-09
1414	9.23025e-09
1415	9.3481e-09
1416	9.46275e-09
1417	9.57344e-09
1418	9.68028e-09
1419	9.78365e-09
1420	9.88398e-09
1421	9.98118e-09
1422	1.00751e-08
1423	4.09885e-09
1424	3.966e-09
1425	3.99996e-09
1426	4.11527e-09
1427	4.29625e-09
1428	4.50482e-09
1429	4.7376e-09
1430	5.00694e-09
1431	5.28974e-09
1432	5.57357e-09
1433	5.85585e-09
1434	6.13106e-09
1435	6.40312e-09
1436	6.66808e-09
1437	6.92717e-09
1438	7.17809e-09
1439	7.42079e-09
1440	7.65419e-09
1441	7.88325e-09
1442	8.10703e-09
1443	8.32442e-09
1444	8.53627e-09
1445	8.7404e-09
1446	8.93862e-09
1447	9.13042e-09
1448	9.31727e-09
1449	9.49758e-09
1450	9.67174e-09
1451	9.84122e-09
1452	1.00066e-08
1453	4.12297e-09
1454	3.97882e-09
1455	3.9949e-09
1456	4.06679e-09
1457	4.1861e-09
1458	4.34236e-09
1459	4.51981e-09
1460	4.71108e-09
1461	4.91639e-09
1462	5.13203e-09
1463	5.35539e-09
1464	5.57453e-09
1465	5.79324e-09
1466	6.00785e-09
1467	6.21664e-09
1468	6.42105e-09
1469	6.62084e-09
1470	6.81513e-09
1471	7.00176e-09
1472	7.1839e-09
1473	7.35985e-09
1474	7.53161e-09
1475	7.69737e-09
1476	7.85714e-09
1477	8.0125e-09
1478	8.16223e-09
1479	8.30724e-09
1480	8.44806e-09
1481	8.58478e-09
1482	8.71831e-09
1483	8.84784e-09
1484	8.97324e-09
1485	9.09406e-09
1486	9.21071e-09
1487	9.32401e-09
1488	9.43337e-09
1489	9.53892e-09
1490	9.64075e-09
1491	9.73955e-09
1492	9.83525e-09
1493	9.92788e-09
1494	1.00179e-08
1495	4.09411e-09
1496	3.95973e-09
1497	3.99658e-09
1498	4.11014e-09
1499	4.29267e-09
1500	4.50317e-09
1501	4.73633e-09
1502	5.00677e-09
1503	5.29168e-09
1504	5.57796e-09
1505	5.86184e-09
1506	6.13927e-09
1507	6.41353e-09
1508	6.68096e-09
1509	6.94229e-09
1510	7.19527e-09
1511	7.43957e-09
1512	7.67496e-09
1513	7.90689e-09
1514	8.13298e-09
1515	8.35267e-09
1516	8.5661e-09
1517	8.77175e-09
1518	8.97157e-09
1519	9.1655e-09
1520	9.3533e-09
1521	9.53484e-09
1522	9.71068e-09
1523	9.88192e-09
1524	1.00487e-08
1525	4.14561e-09
1526	4.00233e-09
1527	4.01912e-09
1528	4.09189e-09
1529	4.21304e-09
1530	4.37226e-09
1531	4.5507e-09
1532	4.7435e-09
1533	4.95058e-09
1534	5.16846e-09
1535	5.39346e-09
1536	5.61528e-09
1537	5.83595e-09
1538	6.05222e-09
1539	6.26239e-09
1540	6.46849e-09
1541	6.6705e-09
1542	6.866e-09
1543	7.05414e-09
1544	7.23777e-09
1545	7.415e-09
1546	7.58767e-09
1547	7.75469e-09
1548	7.91556e-09
1549	8.07213e-09
1550	8.22295e-09
1551	8.36922e-09
1552	8.51152e-09
1553	8.6497e-09
1554	8.78436e-09
1555	8.91449e-09
1556	9.04074e-09
1557	9.16247e-09
1558	9.28028e-09
1559	9.39442e-09
1560	9.5046e-09
1561	9.61084e-09
1562	9.71342e-09
1563	9.81325e-09
1564	9.90977e-09
1565	1.00033e-08
1566	4.07034e-09
1567	3.93341e-09
1568	3.9697e-09
1569	4.07855e-09
1570	4.25712e-09
1571	4.4642e-09
1572	4.69368e-09
1573	4.95681e-09
1574	5.23668e-09
1575	5.51817e-09
1576	5.79701e-09
1577	6.07072e-09
1578	6.34033e-09
1579	6.60347e-09
1580	6.86116e-09
1581	7.11043e-09
1582	7.35168e-09
1583	7.5838e-09
1584	7.81178e-09
1585	8.03368e-09
1586	8.24892e-09
1587	8.45914e-09
1588	8.66205e-09
1589	8.85818e-09
1590	9.04929e-09
1591	9.2343e-09
1592	9.41281e-09
1593	9.5851e-09
1594	9.75274e-09
1595	9.91645e-09
1596	1.00751e-08
1597	4.16447e-09
1598	4.02289e-09
1599	4.04284e-09
1600	4.11865e-09
1601	4.24754e-09
1602	4.41532e-09
1603	4.59998e-09
1604	4.80088e-09
1605	5.01611e-09
1606	5.24515e-09
1607	5.477e-09
1608	5.70829e-09
1609	5.93618e-09
1610	6.15913e-09
1611	6.37565e-09
1612	6.58959e-09
1613	6.79809e-09
1614	6.9984e-09
1615	7.1938e-09
1616	7.38243e-09
1617	7.56525e-09
1618	7.74326e-09
1619	7.91453e-09
1620	8.0812e-09
1621	8.24203e-09
1622	8.39826e-09
1623	8.54988e-09
1624	8.69773e-09
1625	8.8411e-09
1626	8.97946e-09
1627	9.11385e-09
1628	9.24344e-09
1629	9.3694e-09
1630	9.49094e-09
1631	9.60819e-09
1632	9.72126e-09
1633	9.83109e-09
1634	9.93738e-09
1635	1.00403e-08
1636	4.08333e-09
1637	3.94377e-09
1638	3.97651e-09
1639	4.07835e-09
1640	4.24965e-09
1641	4.45108e-09
1642	4.67299e-09
1643	4.92455e-09
1644	5.19656e-09
1645	5.47084e-09
1646	5.74327e-09
1647	6.01101e-09
1648	6.2731e-09
1649	6.53124e-09
1650	6.78287e-09
1651	7.02732e-09
1652	7.26392e-09
1653	7.49221e-09
1654	7.71369e-09
1655	7.93064e-09
1656	8.14096e-09
1657	8.34491e-09
1658	8.54409e-09
1659	8.73626e-09
1660	8.92227e-09
1661	9.10383e-09
1662	9.27905e-09
1663	9.44811e-09
1664	9.61106e-09
1665	9.76927e-09
1666	9.92398e-09
1667	1.00743e-08
1668	4.15375e-09
1669	4.01304e-09
1670	4.03521e-09
1671	4.11353e-09
1672	4.24901e-09
1673	4.42349e-09
1674	4.61298e-09
1675	4.8211e-09
1676	5.04402e-09
1677	5.28078e-09
1678	5.51892e-09
1679	5.75646e-09
1680	5.99021e-09
1681	6.21741e-09
1682	6.44028e-09
1683	6.65985e-09
1684	6.87217e-09
1685	7.07751e-09
1686	7.27708e-09
1687	7.46969e-09
1688	7.65735e-09
1689	7.83864e-09
1690	8.01439e-09
1691	8.18442e-09
1692	8.34947e-09
1693	8.5097e-09
1694	8.66552e-09
1695	8.81711e-09
1696	8.96319e-09
1697	9.10522e-09
1698	9.24249e-09
1699	9.37562e-09
1700	9.50405e-09
1701	9.62792e-09
1702	9.74741e-09
1703	9.86356e-09
1704	9.97588e-09
1705	1.0085e-08
1706	4.11106e-09
1707	3.97138e-09
1708	4.00306e-09
1709	4.1017e-09
1710	4.2704e-09
1711	4.47013e-09
1712	4.68929e-09
1713	4.93624e-09
1714	5.20444e-09
1715	5.47628e-09
1716	5.74651e-09
1717	6.01208e-09
1718	6.27167e-09
1719	6.52826e-09
1720	6.77777e-09
1721	7.02083e-09
1722	7.25595e-09
1723	7.48314e-09
1724	7.70242e-09
1725	7.91786e-09
1726	8.12638e-09
1727	8.32912e-09
1728	8.52618e-09
1729	8.71743e-09
1730	8.9018e-09
1731	9.08161e-09
1732	9.25602e-09
1733	9.42418e-09
1734	9.58638e-09
1735	9.74302e-09
1736	9.89526e-09
1737	1.00444e-08
1738	4.12072e-09
1739	3.97874e-09
1740	3.99936e-09
1741	4.07717e-09
1742	4.21123e-09
1743	4.38517e-09
1744	4.57341e-09
1745	4.78078e-09
1746	5.00296e-09
1747	5.23889e-09
1748	5.47614e-09
1749	5.71214e-09
1750	5.94421e-09
1751	6.17041e-09
1752	6.39227e-09
1753	6.61036e-09
1754	6.82178e-09
1755	7.0257e-09
1756	7.22418e-09
1757	7.41554e-09
1758	7.60214e-09
1759	7.78248e-09
1760	7.95725e-09
1761	8.1264e-09
1762	8.29003e-09
1763	8.44914e-09
1764	8.6034e-09
1765	8.75391e-09
1766	8.89916e-09
1767	9.04034e-09
1768	9.17701e-09
1769	9.30947e-09
1770	9.43715e-09
1771	9.56039e-09
1772	9.67922e-09
1773	9.79427e-09
1774	9.90587e-09
1775	1.00142e-08
1776	4.08594e-09
1777	3.94755e-09
1778	3.97929e-09
1779	4.07643e-09
1780	4.24366e-09
1781	4.44241e-09
1782	4.66003e-09
1783	4.90429e-09
1784	5.16965e-09
1785	5.43966e-09
1786	5.70781e-09
1787	5.97123e-09
1788	6.2289e-09
1789	6.48373e-09
1790	6.7313e-09
1791	6.97272e-09
1792	7.20614e-09
1793	7.43192e-09
1794	7.64969e-09
1795	7.86329e-09
1796	8.0701e-09
1797	8.27132e-09
1798	8.46662e-09
1799	8.65648e-09
1800	8.83948e-09
1801	9.01759e-09
1802	9.19081e-09
1803	9.35774e-09
1804	9.51883e-09
1805	9.67418e-09
1806	9.82485e-09
1807	9.97196e-09
1808	1.01153e-08
1809	4.16651e-09
1810	4.02531e-09
1811	4.04924e-09
1812	4.13092e-09
1813	4.27246e-09
1814	4.4539e-09
1815	4.64936e-09
1816	4.86527e-09
1817	5.09748e-09
1818	5.34248e-09
1819	5.58895e-09
1820	5.83321e-09
1821	6.07374e-09
1822	6.30625e-09
1823	6.53716e-09
1824	6.76275e-09
1825	6.97991e-09
1826	7.19169e-09
1827	7.39605e-09
1828	7.59398e-09
1829	7.78656e-09
1830	7.97268e-09
1831	8.15333e-09
1832	8.32851e-09
1833	8.49864e-09
1834	8.66393e-09
1835	8.82482e-09
1836	8.97988e-09
1837	9.13027e-09
1838	9.27636e-09
1839	9.4177e-09
1840	9.55406e-09
1841	9.68552e-09
1842	9.81246e-09
1843	9.93579e-09
1844	1.00551e-08
1845	4.0869e-09
1846	3.94556e-09
1847	3.97229e-09
1848	4.0631e-09
1849	4.22107e-09
1850	4.41318e-09
1851	4.62259e-09
1852	4.85518e-09
1853	5.11055e-09
1854	5.3719e-09
1855	5.63165e-09
1856	5.88783e-09
1857	6.13851e-09
1858	6.38464e-09
1859	6.62637e-09
1860	6.86026e-09
1861	7.08785e-09
1862	7.30778e-09
1863	7.52041e-09
1864	7.72685e-09
1865	7.92826e-09
1866	8.12272e-09
1867	8.31187e-09
1868	8.49512e-09
1869	8.6739e-09
1870	8.84628e-09
1871	9.01409e-09
1872	9.17727e-09
1873	9.33456e-09
1874	9.48625e-09
1875	9.63256e-09
1876	9.77391e-09
1877	9.91151e-09
1878	1.00461e-08
1879	4.12583e-09
1880	3.98625e-09
1881	4.01223e-09
1882	4.09665e-09
1883	4.24235e-09
1884	4.42769e-09
1885	4.62739e-09
1886	4.84686e-09
1887	5.08498e-09
1888	5.33366e-09
1889	5.58391e-09
1890	5.8312e-09
1891	6.07384e-09
1892	6.3091e-09
1893	6.54366e-09
1894	6.77092e-09
1895	6.99085e-09
1896	7.20438e-09
1897	7.4107e-09
1898	7.61101e-09
1899	7.80502e-09
1900	7.99363e-09
1901	8.17597e-09
1902	8.35325e-09
1903	8.52494e-09
1904	8.69265e-09
1905	8.85465e-09
1906	9.01132e-09
1907	9.16363e-09
1908	9.31137e-09
1909	9.45376e-09
1910	9.59115e-09
1911	9.7236e-09
1912	9.8521e-09
1913	9.97645e-09
1914	1.0098e-08
1915	4.12977e-09
1916	3.98919e-09
1917	4.01721e-09
1918	4.10848e-09
1919	4.26761e-09
1920	4.4609e-09
1921	4.67158e-09
1922	4.90529e-09
1923	5.16174e-09
1924	5.42484e-09
1925	5.68661e-09
1926	5.94497e-09
1927	6.19729e-09
1928	6.44519e-09
1929	6.68876e-09
1930	6.92462e-09
1931	7.15403e-09
1932	7.3757e-09
1933	7.58986e-09
1934	7.79748e-09
1935	8.00062e-09
1936	8.19697e-09
1937	8.38793e-09
1938	8.57321e-09
1939	8.75344e-09
1940	8.92732e-09
1941	9.09621e-09
1942	9.26066e-09
1943	9.41916e-09
1944	9.57208e-09
1945	9.7195e-09
1946	9.86233e-09
1947	1.00011e-08
1948	4.08325e-09
1949	3.94094e-09
1950	3.9624e-09
1951	4.04266e-09
1952	4.18092e-09
1953	4.35976e-09
1954	4.55219e-09
1955	4.76471e-09
1956	4.99356e-09
1957	5.23555e-09
1958	5.47762e-09
1959	5.71749e-09
1960	5.95324e-09
1961	6.18219e-09
1962	6.40912e-09
1963	6.6306e-09
1964	6.84422e-09
1965	7.05177e-09
1966	7.25264e-09
1967	7.44676e-09
1968	7.63622e-09
1969	7.8192e-09
1970	7.99669e-09
1971	8.16792e-09
1972	8.33446e-09
1973	8.49563e-09
1974	8.65295e-09
1975	8.80513e-09
1976	8.95281e-09
1977	9.09636e-09
1978	9.23531e-09
1979	9.36921e-09
1980	9.49837e-09
1981	9.62298e-09
1982	9.74332e-09
1983	9.86016e-09
1984	9.97416e-09
1985	1.00852e-08
1986	4.14369e-09
1987	4.00649e-09
1988	4.04027e-09
1989	4.13849e-09
1990	4.30746e-09
1991	4.50845e-09
1992	4.72813e-09
1993	4.9739e-09
1994	5.2403e-09
1995	5.5132e-09
1996	5.78469e-09
1997	6.0508e-09
1998	6.31071e-09
1999	6.56855e-09
2000	6.81914e-09
