1	0.0889826
2	0.0212245
3	0.0097855
4	0.00666586
5	0.00461808
6	0.00309735
7	0.00616847
8	0.00571692
9	0.00279728
10	0.00248136
11	0.00207625
12	0.00160926
13	0.00236793
14	0.00189382
15	0.00148411
16	0.0012941
17	0.00119371
18	0.00107725
19	0.000935553
20	0.000782898
21	0.00064653
22	0.000541004
23	0.000485367
24	0.000468246
25	0.000459183
26	0.00043155
27	0.000378953
28	0.00031887
29	0.000272177
30	0.000245655
31	0.000230824
32	0.000219837
33	0.000204838
34	0.00018505
35	0.000161768
36	0.00013891
37	0.000119146
38	0.000103797
39	9.30204e-05
40	8.6977e-05
41	8.38637e-05
42	8.05935e-05
43	7.58672e-05
44	6.98668e-05
45	6.36468e-05
46	5.81956e-05
47	5.38833e-05
48	5.06645e-05
49	4.82439e-05
50	4.61535e-05
51	2.56399e-05
52	3.57689e-05
53	2.31172e-05
54	3.05483e-05
55	2.06223e-05
56	2.6639e-05
57	1.85147e-05
58	2.38849e-05
59	1.68708e-05
60	1.36805e-05
61	1.3169e-05
62	1.2048e-05
63	1.15038e-05
64	1.10999e-05
65	1.06149e-05
66	1.01296e-05
67	9.70169e-06
68	9.27104e-06
69	8.59402e-06
70	8.34268e-06
71	7.71651e-06
72	7.54467e-06
73	6.97222e-06
74	6.8713e-06
75	6.37568e-06
76	6.22546e-06
77	5.83832e-06
78	5.81488e-06
79	5.3475e-06
80	5.32252e-06
81	4.88623e-06
82	5.06464e-06
83	4.66406e-06
84	4.4259e-06
85	4.48074e-06
86	4.11323e-06
87	2.67409e-06
88	2.24412e-06
89	2.42285e-06
90	2.16422e-06
91	2.56092e-06
92	2.25107e-06
93	2.61435e-06
94	2.24792e-06
95	2.61756e-06
96	2.1471e-06
97	2.5441e-06
98	1.9716e-06
99	2.44537e-06
100	1.78619e-06
101	2.36818e-06
102	2.60126e-06
103	1.91474e-06
104	1.26675e-06
105	2.77394e-06
106	2.67271e-06
107	2.82112e-06
108	2.30788e-06
109	3.25447e-06
110	2.37604e-06
111	1.56926e-06
112	2.56159e-06
113	3.57164e-06
114	2.81069e-06
115	3.9165e-06
116	3.62008e-06
117	4.39448e-06
118	4.4114e-06
119	4.80149e-06
120	4.92849e-06
121	5.12281e-06
122	5.27968e-06
123	5.50218e-06
124	5.82644e-06
125	6.01908e-06
126	6.41285e-06
127	6.26261e-06
128	7.08404e-06
129	6.82721e-06
130	7.78713e-06
131	7.48664e-06
132	8.52717e-06
133	7.90116e-06
134	8.83288e-06
135	8.28048e-06
136	9.14025e-06
137	8.64854e-06
138	9.45008e-06
139	8.98621e-06
140	9.75373e-06
141	9.31148e-06
142	1.00561e-05
143	9.63603e-06
144	1.03563e-05
145	9.9601e-06
146	1.06537e-05
147	1.02844e-05
148	1.09501e-05
149	1.06093e-05
150	1.12487e-05
151	1.09372e-05
152	1.15515e-05
153	1.12609e-05
154	1.17521e-05
155	1.14468e-05
156	1.19254e-05
157	1.16302e-05
158	1.20854e-05
159	1.18091e-05
160	1.22379e-05
161	1.19829e-05
162	1.2388e-05
163	1.21519e-05
164	1.2538e-05
165	1.2318e-05
166	1.26883e-05
167	1.24827e-05
168	1.28385e-05
169	1.26469e-05
170	1.29888e-05
171	1.28114e-05
172	1.31397e-05
173	1.2976e-05
174	1.32915e-05
175	1.31411e-05
176	1.34444e-05
177	1.33069e-05
178	1.35988e-05
179	1.34736e-05
180	1.37546e-05
181	1.36413e-05
182	1.39122e-05
183	1.38102e-05
184	1.40715e-05
185	1.39804e-05
186	1.42223e-05
187	1.41566e-05
188	1.43899e-05
189	1.43302e-05
190	1.45566e-05
191	1.45056e-05
192	1.47249e-05
193	1.46828e-05
194	1.48951e-05
195	1.48622e-05
196	1.50675e-05
197	1.50436e-05
198	1.52421e-05
199	1.51873e-05
200	1.52187e-05
201	1.50823e-05
202	1.513e-05
203	1.49683e-05
204	1.50121e-05
205	1.48527e-05
206	1.48765e-05
207	1.47319e-05
208	1.47414e-05
209	1.4606e-05
210	1.46071e-05
211	1.44749e-05
212	1.44731e-05
213	1.43414e-05
214	1.43381e-05
215	1.42074e-05
216	1.42021e-05
217	1.40738e-05
218	1.40658e-05
219	1.39405e-05
220	1.39297e-05
221	1.38077e-05
222	1.37942e-05
223	1.36754e-05
224	1.36595e-05
225	1.35439e-05
226	1.35257e-05
227	1.34133e-05
228	1.33929e-05
229	1.32837e-05
230	1.32611e-05
231	1.31551e-05
232	1.31305e-05
233	1.30275e-05
234	1.3001e-05
235	1.29009e-05
236	1.28728e-05
237	1.27755e-05
238	1.27458e-05
239	1.26511e-05
240	1.262e-05
241	1.25279e-05
242	1.24955e-05
243	1.24058e-05
244	1.23722e-05
245	1.22847e-05
246	1.22501e-05
247	1.21648e-05
248	1.21293e-05
249	1.20461e-05
250	1.20097e-05
251	1.19284e-05
252	1.18912e-05
253	1.18118e-05
254	1.1774e-05
255	1.16963e-05
256	1.16579e-05
257	1.1582e-05
258	1.1543e-05
259	1.14687e-05
260	1.14292e-05
261	1.13565e-05
262	1.13165e-05
263	1.12454e-05
264	1.1205e-05
265	1.11353e-05
266	1.10946e-05
267	1.10264e-05
268	1.09853e-05
269	1.09184e-05
270	1.08771e-05
271	1.08115e-05
272	1.077e-05
273	1.07056e-05
274	1.0664e-05
275	1.06008e-05
276	1.0559e-05
277	1.04969e-05
278	1.0455e-05
279	1.03941e-05
280	1.03521e-05
281	1.02922e-05
282	1.02502e-05
283	1.01914e-05
284	1.01493e-05
285	1.00915e-05
286	1.00495e-05
287	9.99258e-06
288	9.95059e-06
289	9.89462e-06
290	9.85269e-06
291	9.79762e-06
292	9.75577e-06
293	9.70156e-06
294	9.6598e-06
295	9.60643e-06
296	9.56478e-06
297	9.51223e-06
298	9.47071e-06
299	9.41894e-06
300	9.37757e-06
301	9.32657e-06
302	9.28535e-06
303	9.23509e-06
304	9.19404e-06
305	9.1445e-06
306	9.10364e-06
307	9.0548e-06
308	9.01413e-06
309	8.96597e-06
310	8.9255e-06
311	8.87801e-06
312	8.83775e-06
313	8.7909e-06
314	8.75087e-06
315	8.70465e-06
316	8.66485e-06
317	8.61924e-06
318	8.57968e-06
319	8.53466e-06
320	8.49534e-06
321	8.45091e-06
322	8.41184e-06
323	8.36798e-06
324	8.32917e-06
325	8.28585e-06
326	8.2473e-06
327	8.20453e-06
328	8.16625e-06
329	8.12401e-06
330	8.086e-06
331	8.04427e-06
332	8.00653e-06
333	7.96532e-06
334	7.92785e-06
335	7.88713e-06
336	7.84995e-06
337	7.80971e-06
338	7.77281e-06
339	7.73305e-06
340	7.69644e-06
341	7.65714e-06
342	7.62081e-06
343	7.58197e-06
344	7.54593e-06
345	7.50754e-06
346	7.47179e-06
347	7.43384e-06
348	7.39838e-06
349	7.36086e-06
350	7.32569e-06
351	7.28859e-06
352	7.25371e-06
353	7.21704e-06
354	7.18245e-06
355	7.14618e-06
356	7.11189e-06
357	7.07602e-06
358	7.04202e-06
359	7.00655e-06
360	6.97283e-06
361	6.93775e-06
362	6.90433e-06
363	6.86964e-06
364	6.83651e-06
365	6.80218e-06
366	6.76934e-06
367	6.7354e-06
368	6.70285e-06
369	6.66926e-06
370	6.637e-06
371	6.60378e-06
372	6.5718e-06
373	6.53893e-06
374	6.50725e-06
375	6.47473e-06
376	6.44332e-06
377	6.41115e-06
378	6.38003e-06
379	6.34819e-06
380	6.31736e-06
381	6.28586e-06
382	6.2553e-06
383	6.22413e-06
384	6.19386e-06
385	6.16301e-06
386	6.13302e-06
387	6.10249e-06
388	6.07278e-06
389	6.04257e-06
390	6.01312e-06
391	5.98323e-06
392	5.95406e-06
393	5.92448e-06
394	5.89558e-06
395	5.8663e-06
396	5.83767e-06
397	5.80869e-06
398	5.78033e-06
399	5.75165e-06
400	5.72355e-06
401	5.69516e-06
402	5.66733e-06
403	5.63924e-06
404	5.61167e-06
405	5.58386e-06
406	5.55655e-06
407	5.52902e-06
408	5.50197e-06
409	5.47472e-06
410	5.44793e-06
411	5.42096e-06
412	5.39442e-06
413	5.36772e-06
414	5.34144e-06
415	5.31501e-06
416	5.28897e-06
417	5.26281e-06
418	5.23703e-06
419	5.21113e-06
420	5.18559e-06
421	5.15995e-06
422	5.13466e-06
423	5.10928e-06
424	5.08422e-06
425	5.0591e-06
426	5.03429e-06
427	5.00941e-06
428	4.98484e-06
429	4.96022e-06
430	4.93588e-06
431	4.9115e-06
432	4.8874e-06
433	4.86327e-06
434	4.8394e-06
435	4.81551e-06
436	4.79187e-06
437	4.76822e-06
438	4.74481e-06
439	4.72139e-06
440	4.6982e-06
441	4.67502e-06
442	4.65206e-06
443	4.62911e-06
444	4.60637e-06
445	4.58364e-06
446	4.56113e-06
447	4.53863e-06
448	4.51633e-06
449	4.49405e-06
450	4.47197e-06
451	4.44992e-06
452	4.42805e-06
453	4.40621e-06
454	4.38456e-06
455	4.36294e-06
456	4.3415e-06
457	4.32009e-06
458	4.29886e-06
459	4.27766e-06
460	4.25664e-06
461	4.23565e-06
462	4.21483e-06
463	4.19405e-06
464	4.17343e-06
465	4.15286e-06
466	4.13244e-06
467	4.11208e-06
468	4.09186e-06
469	4.07169e-06
470	4.05167e-06
471	4.0317e-06
472	4.01188e-06
473	3.99211e-06
474	3.97247e-06
475	3.9529e-06
476	3.93346e-06
477	3.91408e-06
478	3.89483e-06
479	3.87564e-06
480	3.85657e-06
481	3.83758e-06
482	3.8187e-06
483	3.79989e-06
484	3.78119e-06
485	3.76257e-06
486	3.74405e-06
487	3.72561e-06
488	3.70728e-06
489	3.68902e-06
490	3.67087e-06
491	3.65279e-06
492	3.63482e-06
493	3.61692e-06
494	3.59912e-06
495	3.58139e-06
496	3.56377e-06
497	3.54622e-06
498	3.52877e-06
499	3.51139e-06
500	3.49411e-06
501	3.47691e-06
502	3.4598e-06
503	3.44276e-06
504	3.42582e-06
505	3.40895e-06
506	3.39217e-06
507	3.37547e-06
508	3.35885e-06
509	3.34232e-06
510	3.32587e-06
511	3.30949e-06
512	3.2932e-06
513	3.27699e-06
514	3.26086e-06
515	3.2448e-06
516	3.22883e-06
517	3.21293e-06
518	3.19712e-06
519	3.18138e-06
520	3.16572e-06
521	3.15013e-06
522	3.13463e-06
523	3.1192e-06
524	3.10384e-06
525	3.08856e-06
526	3.07336e-06
527	3.05823e-06
528	3.04317e-06
529	3.02819e-06
530	3.01328e-06
531	2.99845e-06
532	2.98369e-06
533	2.969e-06
534	2.95439e-06
535	2.93984e-06
536	2.92537e-06
537	2.91097e-06
538	2.89664e-06
539	2.88238e-06
540	2.86819e-06
541	2.85407e-06
542	2.84002e-06
543	2.82604e-06
544	2.81213e-06
545	2.78601e-06
546	2.73087e-06
547	2.68314e-06
548	2.63481e-06
549	2.58075e-06
550	2.53508e-06
551	2.48171e-06
552	2.43556e-06
553	2.38557e-06
554	2.3385e-06
555	2.29182e-06
556	2.24497e-06
557	2.2005e-06
558	2.15501e-06
559	2.11198e-06
560	2.06842e-06
561	2.02658e-06
562	1.98496e-06
563	1.94444e-06
564	1.90455e-06
565	1.8655e-06
566	1.82718e-06
567	1.78966e-06
568	1.74127e-06
569	1.6678e-06
570	1.60447e-06
571	1.54042e-06
572	1.47548e-06
573	1.41819e-06
574	1.35626e-06
575	1.30319e-06
576	1.24637e-06
577	1.19619e-06
578	1.14494e-06
579	1.09741e-06
580	1.05118e-06
581	1.00659e-06
582	9.64562e-07
583	9.23216e-07
584	8.8469e-07
585	8.46678e-07
586	8.112e-07
587	7.76399e-07
588	7.43687e-07
589	7.11851e-07
590	6.8173e-07
591	6.52584e-07
592	6.24899e-07
593	5.98192e-07
594	5.7278e-07
595	5.48295e-07
596	5.24984e-07
597	5.02538e-07
598	4.81158e-07
599	4.60586e-07
600	4.40975e-07
601	4.22127e-07
602	4.04139e-07
603	3.86873e-07
604	3.70373e-07
605	3.51895e-07
606	3.25003e-07
607	3.0396e-07
608	2.82035e-07
609	2.6211e-07
610	2.43797e-07
611	2.25932e-07
612	2.10347e-07
613	1.9466e-07
614	1.81301e-07
615	1.6765e-07
616	1.56156e-07
617	1.4434e-07
618	1.34425e-07
619	1.24237e-07
620	1.1567e-07
621	1.06905e-07
622	9.95006e-08
623	9.19738e-08
624	8.55723e-08
625	7.9115e-08
626	7.35818e-08
627	6.44753e-08
628	5.5842e-08
629	4.86606e-08
630	4.21605e-08
631	3.36576e-08
632	2.64333e-08
633	2.10728e-08
634	1.64687e-08
635	1.31253e-08
636	1.01834e-08
637	8.12456e-09
638	6.26125e-09
639	4.38727e-09
640	8.44168e-09
641	4.80636e-09
642	8.52389e-09
643	2.34554e-09
644	4.97403e-09
645	4.94489e-09
646	5.68431e-09
647	6.03754e-09
648	6.79757e-09
649	7.33026e-09
650	8.01088e-09
651	8.62931e-09
652	9.27756e-09
653	9.89112e-09
654	3.44582e-09
655	4.19999e-09
656	4.17723e-09
657	4.21545e-09
658	4.28963e-09
659	4.35926e-09
660	4.42897e-09
661	4.50169e-09
662	4.57432e-09
663	4.64772e-09
664	4.72256e-09
665	4.7984e-09
666	4.87579e-09
667	4.95372e-09
668	5.0309e-09
669	5.10817e-09
670	5.18724e-09
671	5.26725e-09
672	5.34777e-09
673	5.429e-09
674	5.51155e-09
675	5.59433e-09
676	5.6773e-09
677	5.76037e-09
678	5.84312e-09
679	5.92659e-09
680	6.01031e-09
681	6.09411e-09
682	6.17824e-09
683	6.26316e-09
684	6.34833e-09
685	6.43395e-09
686	6.51983e-09
687	6.60577e-09
688	6.69128e-09
689	6.77706e-09
690	6.86254e-09
691	6.94776e-09
692	7.03269e-09
693	7.11798e-09
694	7.20274e-09
695	7.28702e-09
696	7.37105e-09
697	7.45461e-09
698	7.53769e-09
699	7.62001e-09
700	7.7017e-09
701	7.78264e-09
702	7.86276e-09
703	7.94301e-09
704	8.02299e-09
705	8.10228e-09
706	8.18115e-09
707	8.25979e-09
708	8.3378e-09
709	8.41528e-09
710	8.49212e-09
711	8.56817e-09
712	8.64347e-09
713	8.71844e-09
714	8.79301e-09
715	8.867e-09
716	8.94051e-09
717	9.01358e-09
718	9.08639e-09
719	9.15879e-09
720	9.2307e-09
721	9.30197e-09
722	9.37331e-09
723	9.44459e-09
724	9.51522e-09
725	9.58526e-09
726	9.65516e-09
727	9.72479e-09
728	9.79387e-09
729	9.86239e-09
730	9.93018e-09
731	9.99724e-09
732	3.1451e-09
733	7.2719e-09
734	7.20268e-09
735	7.14894e-09
736	7.10326e-09
737	7.06716e-09
738	7.03771e-09
739	7.01348e-09
740	6.99778e-09
741	6.98941e-09
742	6.98901e-09
743	6.9973e-09
744	7.01566e-09
745	7.04671e-09
746	7.08625e-09
747	7.13175e-09
748	7.18353e-09
749	7.23847e-09
750	7.29877e-09
751	7.36418e-09
752	7.43087e-09
753	7.49808e-09
754	7.56684e-09
755	7.63714e-09
756	7.70887e-09
757	7.78249e-09
758	7.85852e-09
759	7.93597e-09
760	8.01444e-09
761	8.09357e-09
762	8.17354e-09
763	8.25418e-09
764	8.33638e-09
765	8.41805e-09
766	8.50095e-09
767	8.58592e-09
768	8.67106e-09
769	8.75546e-09
770	8.84018e-09
771	8.92521e-09
772	9.00999e-09
773	9.0945e-09
774	9.17928e-09
775	9.2642e-09
776	9.34861e-09
777	9.43254e-09
778	9.51605e-09
779	9.59861e-09
780	9.68024e-09
781	9.76108e-09
782	9.84106e-09
783	9.92011e-09
784	9.9985e-09
785	3.80812e-09
786	4.9745e-09
787	4.85468e-09
788	4.87417e-09
789	4.99614e-09
790	5.21568e-09
791	5.50572e-09
792	5.83088e-09
793	6.18483e-09
794	6.54825e-09
795	6.91707e-09
796	7.28514e-09
797	7.64771e-09
798	8.00351e-09
799	8.35913e-09
800	8.70996e-09
801	9.05283e-09
802	9.39077e-09
803	9.72492e-09
804	3.70932e-09
805	4.69554e-09
806	4.68181e-09
807	4.76359e-09
808	4.86969e-09
809	5.0176e-09
810	5.17417e-09
811	5.34654e-09
812	5.51811e-09
813	5.6927e-09
814	5.86469e-09
815	6.03489e-09
816	6.2007e-09
817	6.36583e-09
818	6.52766e-09
819	6.68631e-09
820	6.84177e-09
821	6.99508e-09
822	7.14562e-09
823	7.29426e-09
824	7.43933e-09
825	7.58164e-09
826	7.72056e-09
827	7.85628e-09
828	7.98801e-09
829	8.11672e-09
830	8.24354e-09
831	8.37125e-09
832	8.49722e-09
833	8.62098e-09
834	8.74136e-09
835	8.85842e-09
836	8.9722e-09
837	9.08427e-09
838	9.19474e-09
839	9.30242e-09
840	9.4073e-09
841	9.50982e-09
842	9.60986e-09
843	9.70719e-09
844	9.80241e-09
845	9.89522e-09
846	9.98561e-09
847	3.84803e-09
848	3.89048e-09
849	3.83616e-09
850	3.97888e-09
851	4.21349e-09
852	4.47741e-09
853	4.76403e-09
854	5.06483e-09
855	5.37252e-09
856	5.67715e-09
857	5.98464e-09
858	6.29122e-09
859	6.59636e-09
860	6.8981e-09
861	7.20453e-09
862	7.50335e-09
863	7.79453e-09
864	8.07872e-09
865	8.35562e-09
866	8.62551e-09
867	8.88849e-09
868	9.14607e-09
869	9.39713e-09
870	9.64133e-09
871	9.87874e-09
872	3.67594e-09
873	4.21649e-09
874	4.10438e-09
875	4.1293e-09
876	4.18334e-09
877	4.28486e-09
878	4.39939e-09
879	4.5445e-09
880	4.69716e-09
881	4.85882e-09
882	5.02841e-09
883	5.20464e-09
884	5.37936e-09
885	5.55469e-09
886	5.7312e-09
887	5.90571e-09
888	6.07545e-09
889	6.24707e-09
890	6.41565e-09
891	6.58002e-09
892	6.74441e-09
893	6.90548e-09
894	7.06142e-09
895	7.21252e-09
896	7.35918e-09
897	7.50105e-09
898	7.6383e-09
899	7.7714e-09
900	7.90069e-09
901	8.02675e-09
902	8.15047e-09
903	8.27215e-09
904	8.39098e-09
905	8.50652e-09
906	8.61847e-09
907	8.72702e-09
908	8.83219e-09
909	8.93457e-09
910	9.035e-09
911	9.13393e-09
912	9.23014e-09
913	9.32372e-09
914	9.41469e-09
915	9.50361e-09
916	9.59097e-09
917	9.67646e-09
918	9.75996e-09
919	9.84112e-09
920	9.92001e-09
921	9.99671e-09
922	3.83632e-09
923	4.34456e-09
924	4.25638e-09
925	4.28875e-09
926	4.43384e-09
927	4.63295e-09
928	4.8948e-09
929	5.17912e-09
930	5.47906e-09
931	5.78445e-09
932	6.09754e-09
933	6.40678e-09
934	6.71269e-09
935	7.01352e-09
936	7.30732e-09
937	7.59593e-09
938	7.88317e-09
939	8.16412e-09
940	8.43787e-09
941	8.70485e-09
942	8.96476e-09
943	9.21812e-09
944	9.46546e-09
945	9.70491e-09
946	9.93652e-09
947	3.7591e-09
948	4.3789e-09
949	4.27157e-09
950	4.30897e-09
951	4.37496e-09
952	4.49227e-09
953	4.62356e-09
954	4.77986e-09
955	4.94251e-09
956	5.11392e-09
957	5.28662e-09
958	5.46699e-09
959	5.65005e-09
960	5.83504e-09
961	6.01996e-09
962	6.20487e-09
963	6.38492e-09
964	6.56052e-09
965	6.73205e-09
966	6.89826e-09
967	7.06044e-09
968	7.2198e-09
969	7.37439e-09
970	7.52406e-09
971	7.66934e-09
972	7.81083e-09
973	7.94909e-09
974	8.08493e-09
975	8.2163e-09
976	8.34344e-09
977	8.46698e-09
978	8.58703e-09
979	8.70322e-09
980	8.8159e-09
981	8.92504e-09
982	9.03057e-09
983	9.1326e-09
984	9.23123e-09
985	9.32728e-09
986	9.42033e-09
987	9.51066e-09
988	9.59835e-09
989	9.68333e-09
990	9.76572e-09
991	9.84687e-09
992	9.92629e-09
993	3.82162e-09
994	3.98762e-09
995	3.8811e-09
996	3.91964e-09
997	4.07355e-09
998	4.2743e-09
999	4.53785e-09
1000	4.82919e-09
1001	5.12825e-09
1002	5.4256e-09
1003	5.72244e-09
1004	6.01643e-09
1005	6.30268e-09
1006	6.58336e-09
1007	6.85752e-09
1008	7.12676e-09
1009	7.39058e-09
1010	7.6488e-09
1011	7.90208e-09
1012	8.14713e-09
1013	8.38564e-09
1014	8.61674e-09
1015	8.84042e-09
1016	9.05908e-09
1017	9.27176e-09
1018	9.48118e-09
1019	9.68401e-09
1020	9.88024e-09
1021	3.82501e-09
1022	4.32855e-09
1023	4.20334e-09
1024	4.2337e-09
1025	4.29578e-09
1026	4.41398e-09
1027	4.55921e-09
1028	4.72849e-09
1029	4.90646e-09
1030	5.09232e-09
1031	5.28702e-09
1032	5.48893e-09
1033	5.697e-09
1034	5.90695e-09
1035	6.11118e-09
1036	6.30864e-09
1037	6.50061e-09
1038	6.68648e-09
1039	6.87026e-09
1040	7.05105e-09
1041	7.22589e-09
1042	7.39475e-09
1043	7.55873e-09
1044	7.71751e-09
1045	7.87343e-09
1046	8.02563e-09
1047	8.17339e-09
1048	8.31724e-09
1049	8.45591e-09
1050	8.58968e-09
1051	8.71865e-09
1052	8.843e-09
1053	8.96346e-09
1054	9.08006e-09
1055	9.19297e-09
1056	9.3019e-09
1057	9.40704e-09
1058	9.50981e-09
1059	9.60958e-09
1060	9.70601e-09
1061	9.79967e-09
1062	9.89084e-09
1063	9.97897e-09
1064	3.71845e-09
1065	4.14585e-09
1066	4.02922e-09
1067	4.05146e-09
1068	4.19624e-09
1069	4.37272e-09
1070	4.59769e-09
1071	4.86071e-09
1072	5.14808e-09
1073	5.44247e-09
1074	5.73171e-09
1075	6.01764e-09
1076	6.30012e-09
1077	6.57707e-09
1078	6.84682e-09
1079	7.11037e-09
1080	7.36566e-09
1081	7.61361e-09
1082	7.85723e-09
1083	8.09552e-09
1084	8.32852e-09
1085	8.55339e-09
1086	8.77059e-09
1087	8.981e-09
1088	9.18458e-09
1089	9.38178e-09
1090	9.57484e-09
1091	9.76265e-09
1092	9.94498e-09
1093	3.79038e-09
1094	4.26469e-09
1095	4.13152e-09
1096	4.15707e-09
1097	4.22594e-09
1098	4.34349e-09
1099	4.4914e-09
1100	4.66345e-09
1101	4.84878e-09
1102	5.04008e-09
1103	5.24748e-09
1104	5.45975e-09
1105	5.67606e-09
1106	5.89138e-09
1107	6.10236e-09
1108	6.30715e-09
1109	6.50491e-09
1110	6.70056e-09
1111	6.89032e-09
1112	7.07507e-09
1113	7.2559e-09
1114	7.43075e-09
1115	7.60041e-09
1116	7.76447e-09
1117	7.92268e-09
1118	8.07737e-09
1119	8.22724e-09
1120	8.37336e-09
1121	8.51544e-09
1122	8.65355e-09
1123	8.78678e-09
1124	8.91536e-09
1125	9.03947e-09
1126	9.15931e-09
1127	9.27499e-09
1128	9.38661e-09
1129	9.49425e-09
1130	9.59886e-09
1131	9.70104e-09
1132	9.79982e-09
1133	9.89524e-09
1134	9.98748e-09
1135	3.76149e-09
1136	4.09016e-09
1137	3.97355e-09
1138	4.00303e-09
1139	4.14562e-09
1140	4.33077e-09
1141	4.5532e-09
1142	4.80863e-09
1143	5.09251e-09
1144	5.38377e-09
1145	5.67459e-09
1146	5.95824e-09
1147	6.23865e-09
1148	6.51477e-09
1149	6.78226e-09
1150	7.04338e-09
1151	7.2954e-09
1152	7.53989e-09
1153	7.77895e-09
1154	8.01375e-09
1155	8.24442e-09
1156	8.46739e-09
1157	8.68344e-09
1158	8.89204e-09
1159	9.09315e-09
1160	9.28864e-09
1161	9.47889e-09
1162	9.66424e-09
1163	9.8441e-09
1164	3.72775e-09
1165	4.17967e-09
1166	4.04213e-09
1167	4.06333e-09
1168	4.13289e-09
1169	4.24795e-09
1170	4.39358e-09
1171	4.56369e-09
1172	4.75011e-09
1173	4.94497e-09
1174	5.15157e-09
1175	5.36443e-09
1176	5.57842e-09
1177	5.79049e-09
1178	5.99889e-09
1179	6.2019e-09
1180	6.39916e-09
1181	6.59334e-09
1182	6.78191e-09
1183	6.96327e-09
1184	7.14018e-09
1185	7.3134e-09
1186	7.48097e-09
1187	7.64288e-09
1188	7.79912e-09
1189	7.95091e-09
1190	8.09801e-09
1191	8.24e-09
1192	8.37789e-09
1193	8.5127e-09
1194	8.64444e-09
1195	8.77149e-09
1196	8.89397e-09
1197	9.01217e-09
1198	9.12608e-09
1199	9.23595e-09
1200	9.34206e-09
1201	9.44499e-09
1202	9.54472e-09
1203	9.64139e-09
1204	9.73495e-09
1205	9.82531e-09
1206	9.91269e-09
1207	9.99717e-09
1208	3.77051e-09
1209	4.14543e-09
1210	4.02172e-09
1211	4.04778e-09
1212	4.17978e-09
1213	4.36527e-09
1214	4.58355e-09
1215	4.83327e-09
1216	5.11886e-09
1217	5.41275e-09
1218	5.70921e-09
1219	6.00013e-09
1220	6.28524e-09
1221	6.56629e-09
1222	6.84055e-09
1223	7.10725e-09
1224	7.36517e-09
1225	7.61379e-09
1226	7.85616e-09
1227	8.09572e-09
1228	8.32989e-09
1229	8.55653e-09
1230	8.77643e-09
1231	8.98915e-09
1232	9.1943e-09
1233	9.39288e-09
1234	9.58685e-09
1235	9.77507e-09
1236	9.95798e-09
1237	3.76079e-09
1238	4.24868e-09
1239	4.11176e-09
1240	4.13076e-09
1241	4.2009e-09
1242	4.31689e-09
1243	4.46394e-09
1244	4.63778e-09
1245	4.82271e-09
1246	5.01856e-09
1247	5.22552e-09
1248	5.43915e-09
1249	5.65393e-09
1250	5.86706e-09
1251	6.07595e-09
1252	6.2817e-09
1253	6.48095e-09
1254	6.67636e-09
1255	6.86624e-09
1256	7.04885e-09
1257	7.22758e-09
1258	7.40126e-09
1259	7.57052e-09
1260	7.73383e-09
1261	7.89093e-09
1262	8.0427e-09
1263	8.19071e-09
1264	8.33408e-09
1265	8.47345e-09
1266	8.60808e-09
1267	8.73983e-09
1268	8.86799e-09
1269	8.99167e-09
1270	9.11087e-09
1271	9.22582e-09
1272	9.33667e-09
1273	9.44375e-09
1274	9.54724e-09
1275	9.6478e-09
1276	9.74526e-09
1277	9.83986e-09
1278	9.93145e-09
1279	3.73967e-09
1280	4.05523e-09
1281	3.92796e-09
1282	3.95553e-09
1283	4.0789e-09
1284	4.26237e-09
1285	4.47546e-09
1286	4.71527e-09
1287	4.99321e-09
1288	5.27827e-09
1289	5.56407e-09
1290	5.84793e-09
1291	6.12363e-09
1292	6.39756e-09
1293	6.66294e-09
1294	6.9221e-09
1295	7.17329e-09
1296	7.41557e-09
1297	7.64963e-09
1298	7.87895e-09
1299	8.10372e-09
1300	8.32257e-09
1301	8.53525e-09
1302	8.74168e-09
1303	8.94097e-09
1304	9.13346e-09
1305	9.32066e-09
1306	9.50178e-09
1307	9.67776e-09
1308	9.84919e-09
1309	3.72744e-09
1310	4.17615e-09
1311	4.03672e-09
1312	4.0555e-09
1313	4.12748e-09
1314	4.24686e-09
1315	4.39988e-09
1316	4.57767e-09
1317	4.76792e-09
1318	4.97144e-09
1319	5.1859e-09
1320	5.40726e-09
1321	5.6268e-09
1322	5.844e-09
1323	6.05927e-09
1324	6.26839e-09
1325	6.47248e-09
1326	6.6721e-09
1327	6.86544e-09
1328	7.05243e-09
1329	7.23482e-09
1330	7.41194e-09
1331	7.58416e-09
1332	7.75003e-09
1333	7.90969e-09
1334	8.06519e-09
1335	8.21539e-09
1336	8.36107e-09
1337	8.50246e-09
1338	8.64032e-09
1339	8.77475e-09
1340	8.90497e-09
1341	9.03046e-09
1342	9.15138e-09
1343	9.26801e-09
1344	9.38072e-09
1345	9.49014e-09
1346	9.59573e-09
1347	9.69798e-09
1348	9.79701e-09
1349	9.893e-09
1350	9.98576e-09
1351	3.74844e-09
1352	4.12474e-09
1353	3.9947e-09
1354	4.02763e-09
1355	4.14827e-09
1356	4.33164e-09
1357	4.54277e-09
1358	4.77935e-09
1359	5.05534e-09
1360	5.34212e-09
1361	5.6297e-09
1362	5.9161e-09
1363	6.194e-09
1364	6.46976e-09
1365	6.73782e-09
1366	6.99973e-09
1367	7.25349e-09
1368	7.4983e-09
1369	7.73485e-09
1370	7.96692e-09
1371	8.19436e-09
1372	8.41555e-09
1373	8.62959e-09
1374	8.8367e-09
1375	9.03805e-09
1376	9.2326e-09
1377	9.42166e-09
1378	9.60404e-09
1379	9.78145e-09
1380	9.95398e-09
1381	3.76566e-09
1382	4.19566e-09
1383	4.05228e-09
1384	4.06999e-09
1385	4.14291e-09
1386	4.26355e-09
1387	4.42053e-09
1388	4.60016e-09
1389	4.79277e-09
1390	4.99982e-09
1391	5.21763e-09
1392	5.44296e-09
1393	5.6648e-09
1394	5.88603e-09
1395	6.10326e-09
1396	6.31468e-09
1397	6.52169e-09
1398	6.72358e-09
1399	6.9195e-09
1400	7.10848e-09
1401	7.29309e-09
1402	7.47185e-09
1403	7.64586e-09
1404	7.81357e-09
1405	7.9751e-09
1406	8.13234e-09
1407	8.28404e-09
1408	8.43133e-09
1409	8.57456e-09
1410	8.71397e-09
1411	8.84952e-09
1412	8.98111e-09
1413	9.10797e-09
1414	9.23025e-09
1415	9.3481e-09
1416	9.46275e-09
1417	9.57344e-09
1418	9.68028e-09
1419	9.78365e-09
1420	9.88398e-09
1421	9.98118e-09
1422	3.74167e-09
1423	4.09885e-09
1424	3.966e-09
1425	3.99996e-09
1426	4.11527e-09
1427	4.29625e-09
1428	4.50482e-09
1429	4.7376e-09
1430	5.00694e-09
1431	5.28974e-09
1432	5.57357e-09
1433	5.85585e-09
1434	6.13106e-09
1435	6.40312e-09
1436	6.66808e-09
1437	6.92717e-09
1438	7.17809e-09
1439	7.42079e-09
1440	7.65419e-09
1441	7.88325e-09
1442	8.10703e-09
1443	8.32442e-09
1444	8.53627e-09
1445	8.7404e-09
1446	8.93862e-09
1447	9.13042e-09
1448	9.31727e-09
1449	9.49758e-09
1450	9.67174e-09
1451	9.84122e-09
1452	3.71341e-09
1453	4.12297e-09
1454	3.97882e-09
1455	3.9949e-09
1456	4.06679e-09
1457	4.1861e-09
1458	4.34236e-09
1459	4.51981e-09
1460	4.71108e-09
1461	4.91639e-09
1462	5.13203e-09
1463	5.35539e-09
1464	5.57453e-09
1465	5.79324e-09
1466	6.00785e-09
1467	6.21664e-09
1468	6.42105e-09
1469	6.62084e-09
1470	6.81513e-09
1471	7.00176e-09
1472	7.1839e-09
1473	7.35985e-09
1474	7.53161e-09
1475	7.69737e-09
1476	7.85714e-09
1477	8.0125e-09
1478	8.16223e-09
1479	8.30724e-09
1480	8.44806e-09
1481	8.58478e-09
1482	8.71831e-09
1483	8.84784e-09
1484	8.97324e-09
1485	9.09406e-09
1486	9.21071e-09
1487	9.32401e-09
1488	9.43337e-09
1489	9.53892e-09
1490	9.64075e-09
1491	9.73955e-09
1492	9.83525e-09
1493	9.92788e-09
1494	3.72017e-09
1495	4.09411e-09
1496	3.95973e-09
1497	3.99658e-09
1498	4.11014e-09
1499	4.29267e-09
1500	4.50317e-09
1501	4.73633e-09
1502	5.00677e-09
1503	5.29168e-09
1504	5.57796e-09
1505	5.86184e-09
1506	6.13927e-09
1507	6.41353e-09
1508	6.68096e-09
1509	6.94229e-09
1510	7.19527e-09
1511	7.43957e-09
1512	7.67496e-09
1513	7.90689e-09
1514	8.13298e-09
1515	8.35267e-09
1516	8.5661e-09
1517	8.77175e-09
1518	8.97157e-09
1519	9.1655e-09
1520	9.3533e-09
1521	9.53484e-09
1522	9.71068e-09
1523	9.88192e-09
1524	3.72948e-09
1525	4.14561e-09
1526	4.00233e-09
1527	4.01912e-09
1528	4.09189e-09
1529	4.21304e-09
1530	4.37226e-09
1531	4.5507e-09
1532	4.7435e-09
1533	4.95058e-09
1534	5.16846e-09
1535	5.39346e-09
1536	5.61528e-09
1537	5.83595e-09
1538	6.05222e-09
1539	6.26239e-09
1540	6.46849e-09
1541	6.6705e-09
1542	6.866e-09
1543	7.05414e-09
1544	7.23777e-09
1545	7.415e-09
1546	7.58767e-09
1547	7.75469e-09
1548	7.91556e-09
1549	8.07213e-09
1550	8.22295e-09
1551	8.36922e-09
1552	8.51152e-09
1553	8.6497e-09
1554	8.78436e-09
1555	8.91449e-09
1556	9.04074e-09
1557	9.16247e-09
1558	9.28028e-09
1559	9.39442e-09
1560	9.5046e-09
1561	9.61084e-09
1562	9.71342e-09
1563	9.81325e-09
1564	9.90977e-09
1565	3.71466e-09
1566	4.07034e-09
1567	3.93341e-09
1568	3.9697e-09
1569	4.07855e-09
1570	4.25712e-09
1571	4.4642e-09
1572	4.69368e-09
1573	4.95681e-09
1574	5.23668e-09
1575	5.51817e-09
1576	5.79701e-09
1577	6.07072e-09
1578	6.34033e-09
1579	6.60347e-09
1580	6.86116e-09
1581	7.11043e-09
1582	7.35168e-09
1583	7.5838e-09
1584	7.81178e-09
1585	8.03368e-09
1586	8.24892e-09
1587	8.45914e-09
1588	8.66205e-09
1589	8.85818e-09
1590	9.04929e-09
1591	9.2343e-09
1592	9.41281e-09
1593	9.5851e-09
1594	9.75274e-09
1595	9.91645e-09
1596	3.74753e-09
1597	4.16447e-09
1598	4.02289e-09
1599	4.04284e-09
1600	4.11865e-09
1601	4.24754e-09
1602	4.41532e-09
1603	4.59998e-09
1604	4.80088e-09
1605	5.01611e-09
1606	5.24515e-09
1607	5.477e-09
1608	5.70829e-09
1609	5.93618e-09
1610	6.15913e-09
1611	6.37565e-09
1612	6.58959e-09
1613	6.79809e-09
1614	6.9984e-09
1615	7.1938e-09
1616	7.38243e-09
1617	7.56525e-09
1618	7.74326e-09
1619	7.91453e-09
1620	8.0812e-09
1621	8.24203e-09
1622	8.39826e-09
1623	8.54988e-09
1624	8.69773e-09
1625	8.8411e-09
1626	8.97946e-09
1627	9.11385e-09
1628	9.24344e-09
1629	9.3694e-09
1630	9.49094e-09
1631	9.60819e-09
1632	9.72126e-09
1633	9.83109e-09
1634	9.93738e-09
1635	3.72389e-09
1636	4.08333e-09
1637	3.94377e-09
1638	3.97651e-09
1639	4.07835e-09
1640	4.24965e-09
1641	4.45108e-09
1642	4.67299e-09
1643	4.92455e-09
1644	5.19656e-09
1645	5.47084e-09
1646	5.74327e-09
1647	6.01101e-09
1648	6.2731e-09
1649	6.53124e-09
1650	6.78287e-09
1651	7.02732e-09
1652	7.26392e-09
1653	7.49221e-09
1654	7.71369e-09
1655	7.93064e-09
1656	8.14096e-09
1657	8.34491e-09
1658	8.54409e-09
1659	8.73626e-09
1660	8.92227e-09
1661	9.10383e-09
1662	9.27905e-09
1663	9.44811e-09
1664	9.61106e-09
1665	9.76927e-09
1666	9.92398e-09
1667	3.74728e-09
1668	4.15375e-09
1669	4.01304e-09
1670	4.03521e-09
1671	4.11353e-09
1672	4.24901e-09
1673	4.42349e-09
1674	4.61298e-09
1675	4.8211e-09
1676	5.04402e-09
1677	5.28078e-09
1678	5.51892e-09
1679	5.75646e-09
1680	5.99021e-09
1681	6.21741e-09
1682	6.44028e-09
1683	6.65985e-09
1684	6.87217e-09
1685	7.07751e-09
1686	7.27708e-09
1687	7.46969e-09
1688	7.65735e-09
1689	7.83864e-09
1690	8.01439e-09
1691	8.18442e-09
1692	8.34947e-09
1693	8.5097e-09
1694	8.66552e-09
1695	8.81711e-09
1696	8.96319e-09
1697	9.10522e-09
1698	9.24249e-09
1699	9.37562e-09
1700	9.50405e-09
1701	9.62792e-09
1702	9.74741e-09
1703	9.86356e-09
1704	9.97588e-09
1705	3.74157e-09
1706	4.11106e-09
1707	3.97138e-09
1708	4.00306e-09
1709	4.1017e-09
1710	4.2704e-09
1711	4.47013e-09
1712	4.68929e-09
1713	4.93624e-09
1714	5.20444e-09
1715	5.47628e-09
1716	5.74651e-09
1717	6.01208e-09
1718	6.27167e-09
1719	6.52826e-09
1720	6.77777e-09
1721	7.02083e-09
1722	7.25595e-09
1723	7.48314e-09
1724	7.70242e-09
1725	7.91786e-09
1726	8.12638e-09
1727	8.32912e-09
1728	8.52618e-09
1729	8.71743e-09
1730	8.9018e-09
1731	9.08161e-09
1732	9.25602e-09
1733	9.42418e-09
1734	9.58638e-09
1735	9.74302e-09
1736	9.89526e-09
1737	3.73013e-09
1738	4.12072e-09
1739	3.97874e-09
1740	3.99936e-09
1741	4.07717e-09
1742	4.21123e-09
1743	4.38517e-09
1744	4.57341e-09
1745	4.78078e-09
1746	5.00296e-09
1747	5.23889e-09
1748	5.47614e-09
1749	5.71214e-09
1750	5.94421e-09
1751	6.17041e-09
1752	6.39227e-09
1753	6.61036e-09
1754	6.82178e-09
1755	7.0257e-09
1756	7.22418e-09
1757	7.41554e-09
1758	7.60214e-09
1759	7.78248e-09
1760	7.95725e-09
1761	8.1264e-09
1762	8.29003e-09
1763	8.44914e-09
1764	8.6034e-09
1765	8.75391e-09
1766	8.89916e-09
1767	9.04034e-09
1768	9.17701e-09
1769	9.30947e-09
1770	9.43715e-09
1771	9.56039e-09
1772	9.67922e-09
1773	9.79427e-09
1774	9.90587e-09
1775	3.71669e-09
1776	4.08594e-09
1777	3.94755e-09
1778	3.97929e-09
1779	4.07643e-09
1780	4.24366e-09
1781	4.44241e-09
1782	4.66003e-09
1783	4.90429e-09
1784	5.16965e-09
1785	5.43966e-09
1786	5.70781e-09
1787	5.97123e-09
1788	6.2289e-09
1789	6.48373e-09
1790	6.7313e-09
1791	6.97272e-09
1792	7.20614e-09
1793	7.43192e-09
1794	7.64969e-09
1795	7.86329e-09
1796	8.0701e-09
1797	8.27132e-09
1798	8.46662e-09
1799	8.65648e-09
1800	8.83948e-09
1801	9.01759e-09
1802	9.19081e-09
1803	9.35774e-09
1804	9.51883e-09
1805	9.67418e-09
1806	9.82485e-09
1807	9.97196e-09
1808	3.76014e-09
1809	4.16651e-09
1810	4.02531e-09
1811	4.04924e-09
1812	4.13092e-09
1813	4.27246e-09
1814	4.4539e-09
1815	4.64936e-09
1816	4.86527e-09
1817	5.09748e-09
1818	5.34248e-09
1819	5.58895e-09
1820	5.83321e-09
1821	6.07374e-09
1822	6.30625e-09
1823	6.53716e-09
1824	6.76275e-09
1825	6.97991e-09
1826	7.19169e-09
1827	7.39605e-09
1828	7.59398e-09
1829	7.78656e-09
1830	7.97268e-09
1831	8.15333e-09
1832	8.32851e-09
1833	8.49864e-09
1834	8.66393e-09
1835	8.82482e-09
1836	8.97988e-09
1837	9.13027e-09
1838	9.27636e-09
1839	9.4177e-09
1840	9.55406e-09
1841	9.68552e-09
1842	9.81246e-09
1843	9.93579e-09
1844	3.7284e-09
1845	4.0869e-09
1846	3.94556e-09
1847	3.97229e-09
1848	4.0631e-09
1849	4.22107e-09
1850	4.41318e-09
1851	4.62259e-09
1852	4.85518e-09
1853	5.11055e-09
1854	5.3719e-09
1855	5.63165e-09
1856	5.88783e-09
1857	6.13851e-09
1858	6.38464e-09
1859	6.62637e-09
1860	6.86026e-09
1861	7.08785e-09
1862	7.30778e-09
1863	7.52041e-09
1864	7.72685e-09
1865	7.92826e-09
1866	8.12272e-09
1867	8.31187e-09
1868	8.49512e-09
1869	8.6739e-09
1870	8.84628e-09
1871	9.01409e-09
1872	9.17727e-09
1873	9.33456e-09
1874	9.48625e-09
1875	9.63256e-09
1876	9.77391e-09
1877	9.91151e-09
1878	3.7317e-09
1879	4.12583e-09
1880	3.98625e-09
1881	4.01223e-09
1882	4.09665e-09
1883	4.24235e-09
1884	4.42769e-09
1885	4.62739e-09
1886	4.84686e-09
1887	5.08498e-09
1888	5.33366e-09
1889	5.58391e-09
1890	5.8312e-09
1891	6.07384e-09
1892	6.3091e-09
1893	6.54366e-09
1894	6.77092e-09
1895	6.99085e-09
1896	7.20438e-09
1897	7.4107e-09
1898	7.61101e-09
1899	7.80502e-09
1900	7.99363e-09
1901	8.17597e-09
1902	8.35325e-09
1903	8.52494e-09
1904	8.69265e-09
1905	8.85465e-09
1906	9.01132e-09
1907	9.16363e-09
1908	9.31137e-09
1909	9.45376e-09
1910	9.59115e-09
1911	9.7236e-09
1912	9.8521e-09
1913	9.97645e-09
1914	3.75107e-09
1915	4.12977e-09
1916	3.98919e-09
1917	4.01721e-09
1918	4.10848e-09
1919	4.26761e-09
1920	4.4609e-09
1921	4.67158e-09
1922	4.90529e-09
1923	5.16174e-09
1924	5.42484e-09
1925	5.68661e-09
1926	5.94497e-09
1927	6.19729e-09
1928	6.44519e-09
1929	6.68876e-09
1930	6.92462e-09
1931	7.15403e-09
1932	7.3757e-09
1933	7.58986e-09
1934	7.79748e-09
1935	8.00062e-09
1936	8.19697e-09
1937	8.38793e-09
1938	8.57321e-09
1939	8.75344e-09
1940	8.92732e-09
1941	9.09621e-09
1942	9.26066e-09
1943	9.41916e-09
1944	9.57208e-09
1945	9.7195e-09
1946	9.86233e-09
1947	3.70818e-09
1948	4.08325e-09
1949	3.94094e-09
1950	3.9624e-09
1951	4.04266e-09
1952	4.18092e-09
1953	4.35976e-09
1954	4.55219e-09
1955	4.76471e-09
1956	4.99356e-09
1957	5.23555e-09
1958	5.47762e-09
1959	5.71749e-09
1960	5.95324e-09
1961	6.18219e-09
1962	6.40912e-09
1963	6.6306e-09
1964	6.84422e-09
1965	7.05177e-09
1966	7.25264e-09
1967	7.44676e-09
1968	7.63622e-09
1969	7.8192e-09
1970	7.99669e-09
1971	8.16792e-09
1972	8.33446e-09
1973	8.49563e-09
1974	8.65295e-09
1975	8.80513e-09
1976	8.95281e-09
1977	9.09636e-09
1978	9.23531e-09
1979	9.36921e-09
1980	9.49837e-09
1981	9.62298e-09
1982	9.74332e-09
1983	9.86016e-09
1984	9.97416e-09
1985	3.75118e-09
1986	4.14369e-09
1987	4.00649e-09
1988	4.04027e-09
1989	4.13849e-09
1990	4.30746e-09
1991	4.50845e-09
1992	4.72813e-09
1993	4.9739e-09
1994	5.2403e-09
1995	5.5132e-09
1996	5.78469e-09
1997	6.0508e-09
1998	6.31071e-09
1999	6.56855e-09
2000	6.81914e-09
