1	1
2	0.470695
3	0.275548
4	0.193175
5	0.126906
6	0.0843481
7	0.0610434
8	0.0458289
9	0.0392057
10	0.0377451
11	0.0312014
12	0.0271249
13	0.0239229
14	0.0210818
15	0.0186942
16	0.0165969
17	0.0147531
18	0.0131888
19	0.0118565
20	0.0107134
21	0.00973747
22	0.0089029
23	0.00819237
24	0.00758455
25	0.00706396
26	0.00661066
27	0.00620142
28	0.00581787
29	0.00545755
30	0.00512361
31	0.00481607
32	0.00453347
33	0.00427019
34	0.00402369
35	0.00379409
36	0.00358086
37	0.00338383
38	0.0032021
39	0.00303423
40	0.0028786
41	0.00273395
42	0.00259844
43	0.00247105
44	0.00235082
45	0.00223721
46	0.0021302
47	0.00202965
48	0.00193522
49	0.00184641
50	0.00176263
51	0.00168343
52	0.00161184
53	0.00153757
54	0.00147176
55	0.00140594
56	0.0013467
57	0.00128716
58	0.00123361
59	0.00117977
60	0.00113118
61	0.00108212
62	0.00103687
63	0.00099381
64	0.000952268
65	0.000913323
66	0.000875621
67	0.000840033
68	0.000805937
69	0.000773527
70	0.00074216
71	0.000712712
72	0.000684025
73	0.000657039
74	0.000630742
75	0.000605971
76	0.00058188
77	0.000558979
78	0.000537097
79	0.000516239
80	0.000495939
81	0.000476614
82	0.000458164
83	0.000440533
84	0.000423425
85	0.000407151
86	0.000391508
87	0.000376518
88	0.000362295
89	0.000348204
90	0.000335094
91	0.000322063
92	0.000310149
93	0.000298045
94	0.000287154
95	0.000275876
96	0.000265931
97	0.000255433
98	0.000246397
99	0.0002365
100	0.000228394
101	0.000219036
102	0.000211742
103	0.000202847
104	0.000196493
105	0.000188398
106	0.000182374
107	0.000174563
108	0.000169705
109	0.000161937
110	0.000157991
111	0.000150292
112	0.000147263
113	0.00013972
114	0.000137329
115	0.000130122
116	0.000128563
117	0.000121652
118	0.000120782
119	0.000114282
120	0.000113759
121	0.000107659
122	0.000107536
123	0.000101848
124	0.000102076
125	9.69454e-05
126	9.74043e-05
127	9.25029e-05
128	9.26752e-05
129	8.84442e-05
130	8.8701e-05
131	8.49537e-05
132	8.53229e-05
133	8.20162e-05
134	8.17838e-05
135	7.85945e-05
136	7.84181e-05
137	7.54856e-05
138	7.52822e-05
139	7.26633e-05
140	7.24197e-05
141	7.00786e-05
142	6.98015e-05
143	6.77065e-05
144	6.74232e-05
145	6.55473e-05
146	6.52806e-05
147	6.3605e-05
148	6.33597e-05
149	6.18648e-05
150	6.16454e-05
151	6.03132e-05
152	6.01302e-05
153	5.89438e-05
154	5.85896e-05
155	5.74857e-05
156	5.72137e-05
157	5.61819e-05
158	5.5931e-05
159	5.49767e-05
160	5.47418e-05
161	5.38702e-05
162	5.3645e-05
163	5.28573e-05
164	5.26414e-05
165	5.19331e-05
166	5.17301e-05
167	5.10939e-05
168	5.09049e-05
169	5.03377e-05
170	5.01633e-05
171	4.96601e-05
172	4.95021e-05
173	4.90573e-05
174	4.89165e-05
175	4.85266e-05
176	4.84026e-05
177	4.80632e-05
178	4.79567e-05
179	4.76633e-05
180	4.75779e-05
181	4.73236e-05
182	4.7261e-05
183	4.70436e-05
184	4.70006e-05
185	4.68203e-05
186	4.67949e-05
187	4.66395e-05
188	4.66368e-05
189	4.65204e-05
190	4.65362e-05
191	4.64516e-05
192	4.64834e-05
193	4.64303e-05
194	4.64739e-05
195	4.64513e-05
196	4.65041e-05
197	4.65124e-05
198	4.65705e-05
199	4.66106e-05
200	4.60797e-05
201	4.59382e-05
202	4.55733e-05
203	4.53716e-05
204	4.50312e-05
205	4.48037e-05
206	4.44654e-05
207	4.42316e-05
208	4.38875e-05
209	4.36605e-05
210	4.33084e-05
211	4.30902e-05
212	4.27334e-05
213	4.25249e-05
214	4.21652e-05
215	4.19676e-05
216	4.16058e-05
217	4.14203e-05
218	4.10569e-05
219	4.08839e-05
220	4.05187e-05
221	4.03589e-05
222	3.99918e-05
223	3.98451e-05
224	3.94771e-05
225	3.93423e-05
226	3.89738e-05
227	3.88507e-05
228	3.8482e-05
229	3.837e-05
230	3.80008e-05
231	3.78998e-05
232	3.75308e-05
233	3.74403e-05
234	3.70713e-05
235	3.6991e-05
236	3.66221e-05
237	3.65514e-05
238	3.6183e-05
239	3.61213e-05
240	3.57533e-05
241	3.56999e-05
242	3.53329e-05
243	3.52871e-05
244	3.4921e-05
245	3.48823e-05
246	3.45179e-05
247	3.44856e-05
248	3.41226e-05
249	3.40962e-05
250	3.37353e-05
251	3.37141e-05
252	3.33553e-05
253	3.33388e-05
254	3.29822e-05
255	3.29702e-05
256	3.26159e-05
257	3.2608e-05
258	3.22562e-05
259	3.22519e-05
260	3.19025e-05
261	3.19016e-05
262	3.1555e-05
263	3.1557e-05
264	3.12131e-05
265	3.12178e-05
266	3.08768e-05
267	3.08839e-05
268	3.05458e-05
269	3.05551e-05
270	3.02199e-05
271	3.02311e-05
272	2.9899e-05
273	2.99119e-05
274	2.9583e-05
275	2.95973e-05
276	2.9272e-05
277	2.92871e-05
278	2.89657e-05
279	2.89813e-05
280	2.8664e-05
281	2.86797e-05
282	2.83668e-05
283	2.83822e-05
284	2.80739e-05
285	2.80886e-05
286	2.77852e-05
287	2.77989e-05
288	2.75005e-05
289	2.75129e-05
290	2.72196e-05
291	2.72306e-05
292	2.69426e-05
293	2.69518e-05
294	2.66692e-05
295	2.66765e-05
296	2.63993e-05
297	2.64046e-05
298	2.61328e-05
299	2.61361e-05
300	2.58698e-05
301	2.58708e-05
302	2.561e-05
303	2.56086e-05
304	2.53533e-05
305	2.53496e-05
306	2.50997e-05
307	2.50936e-05
308	2.48489e-05
309	2.48405e-05
310	2.46011e-05
311	2.45904e-05
312	2.43562e-05
313	2.43432e-05
314	2.4114e-05
315	2.40987e-05
316	2.38746e-05
317	2.3857e-05
318	2.36379e-05
319	2.36179e-05
320	2.34037e-05
321	2.33816e-05
322	2.31722e-05
323	2.31478e-05
324	2.29431e-05
325	2.29166e-05
326	2.27165e-05
327	2.26879e-05
328	2.24923e-05
329	2.24617e-05
330	2.22706e-05
331	2.22379e-05
332	2.20511e-05
333	2.20166e-05
334	2.1834e-05
335	2.17976e-05
336	2.16192e-05
337	2.15809e-05
338	2.14066e-05
339	2.13665e-05
340	2.11963e-05
341	2.11544e-05
342	2.09881e-05
343	2.09445e-05
344	2.0782e-05
345	2.07368e-05
346	2.05781e-05
347	2.05313e-05
348	2.03762e-05
349	2.03279e-05
350	2.01764e-05
351	2.01266e-05
352	1.99786e-05
353	1.99274e-05
354	1.97828e-05
355	1.97302e-05
356	1.95889e-05
357	1.95351e-05
358	1.9397e-05
359	1.93419e-05
360	1.92071e-05
361	1.91508e-05
362	1.90189e-05
363	1.89616e-05
364	1.88327e-05
365	1.87743e-05
366	1.86483e-05
367	1.8589e-05
368	1.84657e-05
369	1.84055e-05
370	1.82849e-05
371	1.82238e-05
372	1.81058e-05
373	1.8044e-05
374	1.79285e-05
375	1.78661e-05
376	1.77529e-05
377	1.76899e-05
378	1.75791e-05
379	1.75155e-05
380	1.74069e-05
381	1.73428e-05
382	1.72364e-05
383	1.71719e-05
384	1.70676e-05
385	1.70027e-05
386	1.69004e-05
387	1.68352e-05
388	1.67348e-05
389	1.66694e-05
390	1.65708e-05
391	1.65052e-05
392	1.64084e-05
393	1.63427e-05
394	1.62476e-05
395	1.61818e-05
396	1.60884e-05
397	1.60225e-05
398	1.59307e-05
399	1.58648e-05
400	1.57745e-05
401	1.57086e-05
402	1.56198e-05
403	1.5554e-05
404	1.54667e-05
405	1.5401e-05
406	1.5315e-05
407	1.52495e-05
408	1.51648e-05
409	1.50994e-05
410	1.50161e-05
411	1.49509e-05
412	1.48688e-05
413	1.48038e-05
414	1.4723e-05
415	1.46582e-05
416	1.45786e-05
417	1.45141e-05
418	1.44356e-05
419	1.43713e-05
420	1.42939e-05
421	1.423e-05
422	1.41537e-05
423	1.40901e-05
424	1.40148e-05
425	1.39516e-05
426	1.38773e-05
427	1.38144e-05
428	1.37412e-05
429	1.36786e-05
430	1.36063e-05
431	1.35441e-05
432	1.34728e-05
433	1.3411e-05
434	1.33406e-05
435	1.32791e-05
436	1.32097e-05
437	1.31486e-05
438	1.308e-05
439	1.30194e-05
440	1.29516e-05
441	1.28914e-05
442	1.28245e-05
443	1.27647e-05
444	1.26986e-05
445	1.26393e-05
446	1.2574e-05
447	1.25151e-05
448	1.24506e-05
449	1.23921e-05
450	1.23284e-05
451	1.22703e-05
452	1.22073e-05
453	1.21497e-05
454	1.20875e-05
455	1.20303e-05
456	1.19689e-05
457	1.19121e-05
458	1.18514e-05
459	1.17951e-05
460	1.1735e-05
461	1.16792e-05
462	1.16198e-05
463	1.15644e-05
464	1.15057e-05
465	1.14508e-05
466	1.13928e-05
467	1.13383e-05
468	1.12809e-05
469	1.12269e-05
470	1.11702e-05
471	1.11166e-05
472	1.10605e-05
473	1.10074e-05
474	1.09519e-05
475	1.08993e-05
476	1.08444e-05
477	1.07922e-05
478	1.07379e-05
479	1.06862e-05
480	1.06324e-05
481	1.05812e-05
482	1.0528e-05
483	1.04772e-05
484	1.04247e-05
485	1.03743e-05
486	1.03223e-05
487	1.02724e-05
488	1.0221e-05
489	1.01715e-05
490	1.01206e-05
491	1.00716e-05
492	1.00212e-05
493	9.97263e-06
494	9.92281e-06
495	9.87467e-06
496	9.82537e-06
497	9.77767e-06
498	9.72889e-06
499	9.68163e-06
500	9.63335e-06
501	9.58653e-06
502	9.53875e-06
503	9.49236e-06
504	9.44508e-06
505	9.39912e-06
506	9.35233e-06
507	9.3068e-06
508	9.26049e-06
509	9.21538e-06
510	9.16955e-06
511	9.12486e-06
512	9.0795e-06
513	9.03523e-06
514	8.99034e-06
515	8.94648e-06
516	8.90205e-06
517	8.85861e-06
518	8.81463e-06
519	8.7716e-06
520	8.72807e-06
521	8.68544e-06
522	8.64235e-06
523	8.60013e-06
524	8.55748e-06
525	8.51566e-06
526	8.47344e-06
527	8.43202e-06
528	8.39023e-06
529	8.3492e-06
530	8.30783e-06
531	8.26719e-06
532	8.22624e-06
533	8.18599e-06
534	8.14545e-06
535	8.10559e-06
536	8.06546e-06
537	8.02597e-06
538	7.98625e-06
539	7.94714e-06
540	7.90782e-06
541	7.86909e-06
542	7.83016e-06
543	7.7918e-06
544	7.75326e-06
545	7.71527e-06
546	7.50029e-06
547	7.40326e-06
548	7.24844e-06
549	7.13202e-06
550	6.98666e-06
551	6.86706e-06
552	6.72484e-06
553	6.60675e-06
554	6.46718e-06
555	6.35117e-06
556	6.21595e-06
557	6.10157e-06
558	5.97188e-06
559	5.85911e-06
560	5.73524e-06
561	5.62459e-06
562	5.50621e-06
563	5.39833e-06
564	5.28497e-06
565	5.18037e-06
566	5.07164e-06
567	4.97061e-06
568	4.86624e-06
569	4.58378e-06
570	4.45215e-06
571	4.24802e-06
572	4.10293e-06
573	3.9212e-06
574	3.77857e-06
575	3.61189e-06
576	3.47702e-06
577	3.32222e-06
578	3.19696e-06
579	3.05296e-06
580	2.93696e-06
581	2.80383e-06
582	2.69621e-06
583	2.57404e-06
584	2.47391e-06
585	2.36225e-06
586	2.26911e-06
587	2.1672e-06
588	2.08075e-06
589	1.98775e-06
590	1.90773e-06
591	1.82279e-06
592	1.7489e-06
593	1.67124e-06
594	1.60316e-06
595	1.5321e-06
596	1.46949e-06
597	1.40441e-06
598	1.34689e-06
599	1.28727e-06
600	1.23447e-06
601	1.17985e-06
602	1.13141e-06
603	1.08135e-06
604	1.03691e-06
605	9.91057e-07
606	8.30521e-07
607	8.29663e-07
608	7.53038e-07
609	7.25844e-07
610	6.61658e-07
611	6.32055e-07
612	5.75622e-07
613	5.47988e-07
614	4.98383e-07
615	4.73815e-07
616	4.30328e-07
617	4.08984e-07
618	3.70919e-07
619	3.52653e-07
620	3.19331e-07
621	3.03901e-07
622	2.74683e-07
623	2.61776e-07
624	2.36129e-07
625	2.25444e-07
626	2.02898e-07
627	1.94148e-07
628	1.65439e-07
629	1.50618e-07
630	1.26441e-07
631	1.15527e-07
632	8.8423e-08
633	7.63328e-08
634	5.67058e-08
635	4.98861e-08
636	3.58342e-08
637	3.24848e-08
638	2.26102e-08
639	2.12274e-08
640	1.35088e-08
641	1.12849e-08
642	7.47067e-09
643	5.91432e-09
644	4.61616e-09
645	3.90623e-09
646	3.39203e-09
647	3.07107e-09
648	2.84123e-09
649	2.6607e-09
650	2.54384e-09
651	2.44345e-09
652	2.36741e-09
653	2.30316e-09
654	2.24347e-09
655	2.04312e-09
656	1.82594e-09
657	1.77422e-09
658	1.73548e-09
659	1.69885e-09
660	1.6646e-09
661	1.63088e-09
662	1.5982e-09
663	1.56643e-09
664	1.53542e-09
665	1.50529e-09
666	1.47598e-09
667	1.44756e-09
668	1.41996e-09
669	1.39308e-09
670	1.36701e-09
671	1.34158e-09
672	1.31687e-09
673	1.29278e-09
674	1.26938e-09
675	1.24655e-09
676	1.2243e-09
677	1.20263e-09
678	1.18153e-09
679	1.16099e-09
680	1.14097e-09
681	1.12148e-09
682	1.10248e-09
683	1.08396e-09
684	1.06591e-09
685	1.04832e-09
686	1.03115e-09
687	1.01441e-09
688	9.98069e-10
689	9.82092e-10
690	9.66488e-10
691	9.51277e-10
692	9.36421e-10
693	9.21886e-10
694	9.07672e-10
695	8.93842e-10
696	8.8033e-10
697	8.6711e-10
698	8.54201e-10
699	8.41589e-10
700	8.29263e-10
701	8.17214e-10
702	8.05454e-10
703	7.93942e-10
704	7.82693e-10
705	7.71692e-10
706	7.60932e-10
707	7.50413e-10
708	7.4012e-10
709	7.30051e-10
710	7.20192e-10
711	7.10532e-10
712	7.01065e-10
713	6.91788e-10
714	6.82697e-10
715	6.73785e-10
716	6.65056e-10
717	6.56501e-10
718	6.48111e-10
719	6.39894e-10
720	6.3184e-10
721	6.23947e-10
722	6.16205e-10
723	6.08623e-10
724	6.01188e-10
725	5.93889e-10
726	5.8673e-10
727	5.79707e-10
728	5.72821e-10
729	5.66063e-10
730	5.59431e-10
731	5.52922e-10
732	5.46527e-10
733	1.03467e-09
734	6.11925e-10
735	5.08544e-10
736	4.7452e-10
737	4.554e-10
738	4.43478e-10
739	4.34288e-10
740	4.26476e-10
741	4.18869e-10
742	4.11848e-10
743	4.04894e-10
744	3.98244e-10
745	3.91735e-10
746	3.85423e-10
747	3.79324e-10
748	3.73362e-10
749	3.67638e-10
750	3.62035e-10
751	3.56639e-10
752	3.51377e-10
753	3.4628e-10
754	3.41316e-10
755	3.36495e-10
756	3.31802e-10
757	3.27252e-10
758	3.22827e-10
759	3.18524e-10
760	3.14356e-10
761	3.10307e-10
762	3.06358e-10
763	3.0251e-10
764	2.98758e-10
765	2.95096e-10
766	2.91522e-10
767	2.88039e-10
768	2.84647e-10
769	2.81345e-10
770	2.7812e-10
771	2.74974e-10
772	2.71899e-10
773	2.68899e-10
774	2.65962e-10
775	2.63097e-10
776	2.60305e-10
777	2.57578e-10
778	2.54911e-10
779	2.52299e-10
780	2.49742e-10
781	2.47247e-10
782	2.44811e-10
783	2.42422e-10
784	2.40088e-10
785	2.37812e-10
786	1.26442e-09
787	7.51886e-10
788	6.54923e-10
789	6.21574e-10
790	6.03756e-10
791	5.90775e-10
792	5.8137e-10
793	5.71473e-10
794	5.62202e-10
795	5.52426e-10
796	5.42994e-10
797	5.33492e-10
798	5.24278e-10
799	5.15144e-10
800	5.06264e-10
801	4.97492e-10
802	4.88949e-10
803	4.80575e-10
804	4.72396e-10
805	8.37545e-10
806	4.27612e-10
807	3.4434e-10
808	3.1641e-10
809	3.01228e-10
810	2.91545e-10
811	2.84107e-10
812	2.78052e-10
813	2.72702e-10
814	2.67624e-10
815	2.62847e-10
816	2.58183e-10
817	2.53728e-10
818	2.49403e-10
819	2.45228e-10
820	2.41217e-10
821	2.37364e-10
822	2.33622e-10
823	2.30019e-10
824	2.26528e-10
825	2.23152e-10
826	2.1988e-10
827	2.16717e-10
828	2.13646e-10
829	2.1067e-10
830	2.07786e-10
831	2.04993e-10
832	2.02291e-10
833	1.9969e-10
834	1.9716e-10
835	1.947e-10
836	1.9231e-10
837	1.89984e-10
838	1.87723e-10
839	1.85532e-10
840	1.83409e-10
841	1.81341e-10
842	1.79325e-10
843	1.77363e-10
844	1.75451e-10
845	1.73594e-10
846	1.71788e-10
847	1.70033e-10
848	1.00779e-09
849	5.54003e-10
850	4.708e-10
851	4.44148e-10
852	4.3057e-10
853	4.20897e-10
854	4.13008e-10
855	4.04799e-10
856	3.96875e-10
857	3.88835e-10
858	3.81006e-10
859	3.73209e-10
860	3.65642e-10
861	3.58194e-10
862	3.50994e-10
863	3.43962e-10
864	3.37179e-10
865	3.30576e-10
866	3.24148e-10
867	3.17885e-10
868	3.11812e-10
869	3.05929e-10
870	3.00241e-10
871	2.94715e-10
872	2.89337e-10
873	9.18082e-10
874	4.81691e-10
875	3.89424e-10
876	3.58839e-10
877	3.43744e-10
878	3.32598e-10
879	3.24028e-10
880	3.16489e-10
881	3.09389e-10
882	3.02409e-10
883	2.95782e-10
884	2.89363e-10
885	2.83195e-10
886	2.77246e-10
887	2.71506e-10
888	2.65982e-10
889	2.60681e-10
890	2.55572e-10
891	2.50677e-10
892	2.45954e-10
893	2.41424e-10
894	2.37053e-10
895	2.32822e-10
896	2.28745e-10
897	2.24795e-10
898	2.20981e-10
899	2.17277e-10
900	2.13696e-10
901	2.10218e-10
902	2.06856e-10
903	2.03603e-10
904	2.00443e-10
905	1.97381e-10
906	1.94406e-10
907	1.9152e-10
908	1.88716e-10
909	1.85997e-10
910	1.83357e-10
911	1.80788e-10
912	1.78293e-10
913	1.75872e-10
914	1.73522e-10
915	1.71236e-10
916	1.69012e-10
917	1.66848e-10
918	1.64744e-10
919	1.62694e-10
920	1.60696e-10
921	1.58748e-10
922	1.56847e-10
923	9.22791e-10
924	4.89483e-10
925	4.11323e-10
926	3.8604e-10
927	3.71148e-10
928	3.60176e-10
929	3.51365e-10
930	3.42856e-10
931	3.34825e-10
932	3.26739e-10
933	3.18916e-10
934	3.11209e-10
935	3.03749e-10
936	2.96496e-10
937	2.89508e-10
938	2.82712e-10
939	2.76126e-10
940	2.69765e-10
941	2.63651e-10
942	2.57745e-10
943	2.52037e-10
944	2.465e-10
945	2.41136e-10
946	2.35966e-10
947	2.3098e-10
948	8.6412e-10
949	4.1645e-10
950	3.25399e-10
951	2.99196e-10
952	2.82749e-10
953	2.7171e-10
954	2.63137e-10
955	2.55965e-10
956	2.49305e-10
957	2.42706e-10
958	2.3638e-10
959	2.30196e-10
960	2.24198e-10
961	2.18371e-10
962	2.12773e-10
963	2.07353e-10
964	2.02126e-10
965	1.97104e-10
966	1.92276e-10
967	1.87603e-10
968	1.83101e-10
969	1.78765e-10
970	1.74603e-10
971	1.70581e-10
972	1.66706e-10
973	1.62963e-10
974	1.59363e-10
975	1.55879e-10
976	1.52513e-10
977	1.49259e-10
978	1.46122e-10
979	1.43088e-10
980	1.40151e-10
981	1.37311e-10
982	1.3457e-10
983	1.31919e-10
984	1.29356e-10
985	1.26871e-10
986	1.24469e-10
987	1.22141e-10
988	1.19886e-10
989	1.17693e-10
990	1.15569e-10
991	1.13509e-10
992	1.11515e-10
993	1.09582e-10
994	8.98688e-10
995	4.58709e-10
996	3.76655e-10
997	3.51112e-10
998	3.35763e-10
999	3.24847e-10
1000	3.16055e-10
1001	3.07781e-10
1002	3.00111e-10
1003	2.92391e-10
1004	2.8505e-10
1005	2.77797e-10
1006	2.70868e-10
1007	2.64136e-10
1008	2.57681e-10
1009	2.51416e-10
1010	2.45368e-10
1011	2.39549e-10
1012	2.33951e-10
1013	2.28538e-10
1014	2.2333e-10
1015	2.1832e-10
1016	2.13495e-10
1017	2.08852e-10
1018	2.04404e-10
1019	2.001e-10
1020	1.9595e-10
1021	1.91939e-10
1022	8.18448e-10
1023	3.84089e-10
1024	2.97966e-10
1025	2.72434e-10
1026	2.55759e-10
1027	2.44458e-10
1028	2.35941e-10
1029	2.2881e-10
1030	2.2222e-10
1031	2.15677e-10
1032	2.09413e-10
1033	2.03325e-10
1034	1.97431e-10
1035	1.91714e-10
1036	1.86197e-10
1037	1.80881e-10
1038	1.75764e-10
1039	1.70838e-10
1040	1.66119e-10
1041	1.61588e-10
1042	1.57218e-10
1043	1.52999e-10
1044	1.48956e-10
1045	1.45087e-10
1046	1.41356e-10
1047	1.37752e-10
1048	1.34281e-10
1049	1.30962e-10
1050	1.27753e-10
1051	1.24648e-10
1052	1.21652e-10
1053	1.18759e-10
1054	1.15979e-10
1055	1.13297e-10
1056	1.10706e-10
1057	1.08195e-10
1058	1.05769e-10
1059	1.03443e-10
1060	1.01187e-10
1061	9.89976e-11
1062	9.68729e-11
1063	9.48275e-11
1064	9.28542e-11
1065	8.53892e-10
1066	4.18601e-10
1067	3.38042e-10
1068	3.1336e-10
1069	2.98272e-10
1070	2.875e-10
1071	2.78888e-10
1072	2.70995e-10
1073	2.63408e-10
1074	2.56065e-10
1075	2.48889e-10
1076	2.41954e-10
1077	2.35266e-10
1078	2.28818e-10
1079	2.22571e-10
1080	2.16566e-10
1081	2.10763e-10
1082	2.05172e-10
1083	1.99789e-10
1084	1.94634e-10
1085	1.89666e-10
1086	1.84889e-10
1087	1.8028e-10
1088	1.75839e-10
1089	1.71577e-10
1090	1.67463e-10
1091	1.63487e-10
1092	1.59641e-10
1093	1.55931e-10
1094	8.18514e-10
1095	3.8578e-10
1096	3.00479e-10
1097	2.75466e-10
1098	2.59247e-10
1099	2.48011e-10
1100	2.39428e-10
1101	2.32419e-10
1102	2.25926e-10
1103	2.19411e-10
1104	2.13188e-10
1105	2.07061e-10
1106	2.01216e-10
1107	1.955e-10
1108	1.90025e-10
1109	1.84737e-10
1110	1.79675e-10
1111	1.74789e-10
1112	1.701e-10
1113	1.65585e-10
1114	1.61231e-10
1115	1.5704e-10
1116	1.53024e-10
1117	1.49159e-10
1118	1.45429e-10
1119	1.41824e-10
1120	1.38348e-10
1121	1.35003e-10
1122	1.31797e-10
1123	1.28706e-10
1124	1.25716e-10
1125	1.2284e-10
1126	1.20055e-10
1127	1.17361e-10
1128	1.14756e-10
1129	1.12256e-10
1130	1.09838e-10
1131	1.07494e-10
1132	1.05222e-10
1133	1.03018e-10
1134	1.00882e-10
1135	9.88149e-11
1136	8.53401e-10
1137	4.18172e-10
1138	3.38353e-10
1139	3.14322e-10
1140	2.99042e-10
1141	2.88056e-10
1142	2.79372e-10
1143	2.71419e-10
1144	2.63895e-10
1145	2.56538e-10
1146	2.49427e-10
1147	2.42521e-10
1148	2.35856e-10
1149	2.29415e-10
1150	2.23196e-10
1151	2.17213e-10
1152	2.1144e-10
1153	2.05895e-10
1154	2.00547e-10
1155	1.95385e-10
1156	1.90432e-10
1157	1.8568e-10
1158	1.81094e-10
1159	1.76681e-10
1160	1.72427e-10
1161	1.68356e-10
1162	1.64425e-10
1163	1.60619e-10
1164	1.56935e-10
1165	8.06504e-10
1166	3.76222e-10
1167	2.92257e-10
1168	2.68146e-10
1169	2.52064e-10
1170	2.4109e-10
1171	2.32599e-10
1172	2.25747e-10
1173	2.19336e-10
1174	2.13011e-10
1175	2.06998e-10
1176	2.01057e-10
1177	1.95381e-10
1178	1.89812e-10
1179	1.84491e-10
1180	1.79386e-10
1181	1.74473e-10
1182	1.69717e-10
1183	1.65171e-10
1184	1.60795e-10
1185	1.56605e-10
1186	1.52569e-10
1187	1.48688e-10
1188	1.44951e-10
1189	1.41346e-10
1190	1.37877e-10
1191	1.34537e-10
1192	1.3134e-10
1193	1.28257e-10
1194	1.25284e-10
1195	1.22422e-10
1196	1.19654e-10
1197	1.16987e-10
1198	1.14439e-10
1199	1.11977e-10
1200	1.09593e-10
1201	1.07286e-10
1202	1.05057e-10
1203	1.02899e-10
1204	1.00822e-10
1205	9.8825e-11
1206	9.68915e-11
1207	9.50193e-11
1208	9.32034e-11
1209	8.46322e-10
1210	4.11912e-10
1211	3.30883e-10
1212	3.0639e-10
1213	2.90475e-10
1214	2.79281e-10
1215	2.70419e-10
1216	2.62472e-10
1217	2.54943e-10
1218	2.47496e-10
1219	2.40378e-10
1220	2.33445e-10
1221	2.26735e-10
1222	2.20256e-10
1223	2.13994e-10
1224	2.07959e-10
1225	2.02165e-10
1226	1.96598e-10
1227	1.91223e-10
1228	1.8606e-10
1229	1.81082e-10
1230	1.76286e-10
1231	1.71671e-10
1232	1.67223e-10
1233	1.62928e-10
1234	1.588e-10
1235	1.54862e-10
1236	1.51048e-10
1237	1.47361e-10
1238	8.01284e-10
1239	3.66588e-10
1240	2.82146e-10
1241	2.58058e-10
1242	2.41794e-10
1243	2.30723e-10
1244	2.22162e-10
1245	2.15285e-10
1246	2.08837e-10
1247	2.02564e-10
1248	1.96447e-10
1249	1.90482e-10
1250	1.84744e-10
1251	1.79197e-10
1252	1.73885e-10
1253	1.68748e-10
1254	1.63801e-10
1255	1.59058e-10
1256	1.54497e-10
1257	1.50108e-10
1258	1.45916e-10
1259	1.41888e-10
1260	1.37995e-10
1261	1.34249e-10
1262	1.30643e-10
1263	1.27176e-10
1264	1.2384e-10
1265	1.20632e-10
1266	1.17538e-10
1267	1.14556e-10
1268	1.11687e-10
1269	1.08937e-10
1270	1.06272e-10
1271	1.03692e-10
1272	1.01195e-10
1273	9.87823e-11
1274	9.64614e-11
1275	9.42239e-11
1276	9.20613e-11
1277	8.99668e-11
1278	8.79486e-11
1279	8.59975e-11
1280	8.32967e-10
1281	4.00212e-10
1282	3.1839e-10
1283	2.93891e-10
1284	2.77738e-10
1285	2.66561e-10
1286	2.57888e-10
1287	2.5009e-10
1288	2.42856e-10
1289	2.35607e-10
1290	2.28695e-10
1291	2.21888e-10
1292	2.15383e-10
1293	2.09022e-10
1294	2.0298e-10
1295	1.97138e-10
1296	1.91529e-10
1297	1.86104e-10
1298	1.80889e-10
1299	1.75845e-10
1300	1.70973e-10
1301	1.66316e-10
1302	1.61848e-10
1303	1.57555e-10
1304	1.5342e-10
1305	1.4943e-10
1306	1.45577e-10
1307	1.41861e-10
1308	1.3831e-10
1309	1.34893e-10
1310	7.86554e-10
1311	3.57273e-10
1312	2.74051e-10
1313	2.50293e-10
1314	2.33936e-10
1315	2.22906e-10
1316	2.14375e-10
1317	2.07493e-10
1318	2.01063e-10
1319	1.94798e-10
1320	1.88733e-10
1321	1.82789e-10
1322	1.77098e-10
1323	1.71573e-10
1324	1.66316e-10
1325	1.61217e-10
1326	1.56343e-10
1327	1.51629e-10
1328	1.47115e-10
1329	1.42747e-10
1330	1.38568e-10
1331	1.34546e-10
1332	1.30703e-10
1333	1.27016e-10
1334	1.23469e-10
1335	1.20046e-10
1336	1.16752e-10
1337	1.13571e-10
1338	1.10499e-10
1339	1.07545e-10
1340	1.04723e-10
1341	1.01999e-10
1342	9.9369e-11
1343	9.68286e-11
1344	9.43706e-11
1345	9.20098e-11
1346	8.9734e-11
1347	8.75317e-11
1348	8.54073e-11
1349	8.33536e-11
1350	8.13736e-11
1351	7.9462e-11
1352	8.3197e-10
1353	3.98605e-10
1354	3.16736e-10
1355	2.92367e-10
1356	2.76256e-10
1357	2.65034e-10
1358	2.56402e-10
1359	2.48582e-10
1360	2.4133e-10
1361	2.34042e-10
1362	2.2713e-10
1363	2.2033e-10
1364	2.13792e-10
1365	2.0742e-10
1366	2.01324e-10
1367	1.9546e-10
1368	1.89826e-10
1369	1.84409e-10
1370	1.79182e-10
1371	1.74122e-10
1372	1.69272e-10
1373	1.64603e-10
1374	1.60123e-10
1375	1.55798e-10
1376	1.51648e-10
1377	1.47643e-10
1378	1.4378e-10
1379	1.40084e-10
1380	1.36519e-10
1381	1.33075e-10
1382	7.96615e-10
1383	3.61951e-10
1384	2.7757e-10
1385	2.53278e-10
1386	2.3678e-10
1387	2.25591e-10
1388	2.16939e-10
1389	2.09988e-10
1390	2.03524e-10
1391	1.97129e-10
1392	1.91006e-10
1393	1.84982e-10
1394	1.79261e-10
1395	1.73673e-10
1396	1.68348e-10
1397	1.63169e-10
1398	1.58201e-10
1399	1.53426e-10
1400	1.48855e-10
1401	1.4447e-10
1402	1.40267e-10
1403	1.3622e-10
1404	1.32311e-10
1405	1.28539e-10
1406	1.24922e-10
1407	1.21452e-10
1408	1.18108e-10
1409	1.14896e-10
1410	1.1181e-10
1411	1.08831e-10
1412	1.05948e-10
1413	1.03193e-10
1414	1.00538e-10
1415	9.79716e-11
1416	9.54889e-11
1417	9.30925e-11
1418	9.07819e-11
1419	8.85575e-11
1420	8.64106e-11
1421	8.43346e-11
1422	8.23256e-11
1423	8.28284e-10
1424	3.95466e-10
1425	3.13784e-10
1426	2.89624e-10
1427	2.73636e-10
1428	2.62439e-10
1429	2.53861e-10
1430	2.46156e-10
1431	2.38964e-10
1432	2.31759e-10
1433	2.24891e-10
1434	2.18178e-10
1435	2.1171e-10
1436	2.05434e-10
1437	1.99409e-10
1438	1.93582e-10
1439	1.87976e-10
1440	1.82622e-10
1441	1.77445e-10
1442	1.72447e-10
1443	1.67661e-10
1444	1.63044e-10
1445	1.58609e-10
1446	1.54331e-10
1447	1.50211e-10
1448	1.46226e-10
1449	1.42397e-10
1450	1.38755e-10
1451	1.3523e-10
1452	1.31819e-10
1453	7.86859e-10
1454	3.56612e-10
1455	2.73002e-10
1456	2.48912e-10
1457	2.32468e-10
1458	2.21376e-10
1459	2.12753e-10
1460	2.05893e-10
1461	1.99515e-10
1462	1.93184e-10
1463	1.87172e-10
1464	1.81242e-10
1465	1.75631e-10
1466	1.70116e-10
1467	1.6487e-10
1468	1.59784e-10
1469	1.54882e-10
1470	1.50193e-10
1471	1.45692e-10
1472	1.41386e-10
1473	1.37244e-10
1474	1.33272e-10
1475	1.2943e-10
1476	1.25719e-10
1477	1.22153e-10
1478	1.18745e-10
1479	1.15471e-10
1480	1.12313e-10
1481	1.09282e-10
1482	1.06359e-10
1483	1.0354e-10
1484	1.00828e-10
1485	9.82333e-11
1486	9.57262e-11
1487	9.3303e-11
1488	9.09597e-11
1489	8.86903e-11
1490	8.65071e-11
1491	8.44012e-11
1492	8.2367e-11
1493	8.03994e-11
1494	7.8492e-11
1495	8.22571e-10
1496	3.93292e-10
1497	3.1233e-10
1498	2.88368e-10
1499	2.72379e-10
1500	2.61214e-10
1501	2.52612e-10
1502	2.44875e-10
1503	2.37662e-10
1504	2.3043e-10
1505	2.23564e-10
1506	2.1683e-10
1507	2.10351e-10
1508	2.04048e-10
1509	1.97997e-10
1510	1.92157e-10
1511	1.86542e-10
1512	1.81172e-10
1513	1.75989e-10
1514	1.70982e-10
1515	1.66187e-10
1516	1.61563e-10
1517	1.5711e-10
1518	1.52824e-10
1519	1.48695e-10
1520	1.44704e-10
1521	1.40882e-10
1522	1.3723e-10
1523	1.33698e-10
1524	1.30276e-10
1525	7.89097e-10
1526	3.56273e-10
1527	2.72135e-10
1528	2.47997e-10
1529	2.31471e-10
1530	2.20353e-10
1531	2.11774e-10
1532	2.04917e-10
1533	1.98534e-10
1534	1.92218e-10
1535	1.86168e-10
1536	1.80219e-10
1537	1.74578e-10
1538	1.69062e-10
1539	1.63809e-10
1540	1.58701e-10
1541	1.53801e-10
1542	1.49097e-10
1543	1.44583e-10
1544	1.40258e-10
1545	1.36113e-10
1546	1.32124e-10
1547	1.2827e-10
1548	1.24559e-10
1549	1.20999e-10
1550	1.17585e-10
1551	1.14295e-10
1552	1.11129e-10
1553	1.08092e-10
1554	1.05161e-10
1555	1.0233e-10
1556	9.96244e-11
1557	9.70183e-11
1558	9.44941e-11
1559	9.20536e-11
1560	8.96984e-11
1561	8.74296e-11
1562	8.52467e-11
1563	8.314e-11
1564	8.11043e-11
1565	7.91336e-11
1566	8.16161e-10
1567	3.87719e-10
1568	3.06425e-10
1569	2.82446e-10
1570	2.66362e-10
1571	2.55214e-10
1572	2.4662e-10
1573	2.38945e-10
1574	2.31818e-10
1575	2.24692e-10
1576	2.17904e-10
1577	2.1122e-10
1578	2.04833e-10
1579	1.98578e-10
1580	1.92616e-10
1581	1.86851e-10
1582	1.8133e-10
1583	1.7602e-10
1584	1.70916e-10
1585	1.65973e-10
1586	1.6122e-10
1587	1.56654e-10
1588	1.52272e-10
1589	1.48044e-10
1590	1.43986e-10
1591	1.40075e-10
1592	1.36306e-10
1593	1.32681e-10
1594	1.29214e-10
1595	1.2586e-10
1596	1.22617e-10
1597	7.94742e-10
1598	3.60432e-10
1599	2.76273e-10
1600	2.52097e-10
1601	2.35579e-10
1602	2.24365e-10
1603	2.15843e-10
1604	2.08817e-10
1605	2.02337e-10
1606	1.95884e-10
1607	1.89714e-10
1608	1.83639e-10
1609	1.77857e-10
1610	1.72237e-10
1611	1.66862e-10
1612	1.61636e-10
1613	1.5665e-10
1614	1.51828e-10
1615	1.47219e-10
1616	1.42792e-10
1617	1.38566e-10
1618	1.34479e-10
1619	1.30539e-10
1620	1.26761e-10
1621	1.23127e-10
1622	1.19628e-10
1623	1.16268e-10
1624	1.13029e-10
1625	1.0991e-10
1626	1.06909e-10
1627	1.04044e-10
1628	1.01272e-10
1629	9.85928e-11
1630	9.60076e-11
1631	9.35062e-11
1632	9.10991e-11
1633	8.87817e-11
1634	8.65444e-11
1635	8.43827e-11
1636	8.13098e-10
1637	3.83061e-10
1638	3.0109e-10
1639	2.76989e-10
1640	2.60807e-10
1641	2.49624e-10
1642	2.41e-10
1643	2.3344e-10
1644	2.26387e-10
1645	2.19355e-10
1646	2.12679e-10
1647	2.06058e-10
1648	1.99784e-10
1649	1.93609e-10
1650	1.87723e-10
1651	1.82038e-10
1652	1.76593e-10
1653	1.71345e-10
1654	1.66317e-10
1655	1.61458e-10
1656	1.56761e-10
1657	1.52265e-10
1658	1.47938e-10
1659	1.43778e-10
1660	1.39775e-10
1661	1.3593e-10
1662	1.32223e-10
1663	1.28641e-10
1664	1.25228e-10
1665	1.21937e-10
1666	1.18755e-10
1667	1.15674e-10
1668	7.98984e-10
1669	3.6481e-10
1670	2.80874e-10
1671	2.56686e-10
1672	2.40281e-10
1673	2.29051e-10
1674	2.20547e-10
1675	2.13423e-10
1676	2.06858e-10
1677	2.00304e-10
1678	1.94054e-10
1679	1.87885e-10
1680	1.82023e-10
1681	1.76316e-10
1682	1.70848e-10
1683	1.65539e-10
1684	1.60474e-10
1685	1.55581e-10
1686	1.50897e-10
1687	1.46413e-10
1688	1.42106e-10
1689	1.37943e-10
1690	1.33938e-10
1691	1.3009e-10
1692	1.26396e-10
1693	1.22837e-10
1694	1.19419e-10
1695	1.16125e-10
1696	1.12953e-10
1697	1.09903e-10
1698	1.06986e-10
1699	1.0416e-10
1700	1.01434e-10
1701	9.87986e-11
1702	9.62508e-11
1703	9.38017e-11
1704	9.14397e-11
1705	8.91633e-11
1706	8.15268e-10
1707	3.82909e-10
1708	3.00441e-10
1709	2.76225e-10
1710	2.59941e-10
1711	2.48706e-10
1712	2.4005e-10
1713	2.32518e-10
1714	2.25468e-10
1715	2.18449e-10
1716	2.11782e-10
1717	2.05181e-10
1718	1.98929e-10
1719	1.92774e-10
1720	1.86902e-10
1721	1.81227e-10
1722	1.75791e-10
1723	1.7055e-10
1724	1.6554e-10
1725	1.60695e-10
1726	1.56013e-10
1727	1.51529e-10
1728	1.47213e-10
1729	1.43066e-10
1730	1.39072e-10
1731	1.35236e-10
1732	1.31541e-10
1733	1.27973e-10
1734	1.24566e-10
1735	1.21284e-10
1736	1.18112e-10
1737	1.15042e-10
1738	7.96163e-10
1739	3.63417e-10
1740	2.79606e-10
1741	2.55501e-10
1742	2.39136e-10
1743	2.2792e-10
1744	2.19423e-10
1745	2.12351e-10
1746	2.05806e-10
1747	1.99282e-10
1748	1.93072e-10
1749	1.86936e-10
1750	1.81105e-10
1751	1.7542e-10
1752	1.69988e-10
1753	1.647e-10
1754	1.59658e-10
1755	1.54797e-10
1756	1.50144e-10
1757	1.45678e-10
1758	1.41396e-10
1759	1.37258e-10
1760	1.33263e-10
1761	1.29441e-10
1762	1.25767e-10
1763	1.22228e-10
1764	1.18826e-10
1765	1.15553e-10
1766	1.12405e-10
1767	1.09364e-10
1768	1.06465e-10
1769	1.03664e-10
1770	1.00957e-10
1771	9.83359e-11
1772	9.58043e-11
1773	9.33727e-11
1774	9.103e-11
1775	8.87662e-11
1776	8.09795e-10
1777	3.8007e-10
1778	2.98056e-10
1779	2.73973e-10
1780	2.57743e-10
1781	2.46553e-10
1782	2.3794e-10
1783	2.3046e-10
1784	2.2345e-10
1785	2.16475e-10
1786	2.09861e-10
1787	2.03306e-10
1788	1.97093e-10
1789	1.90986e-10
1790	1.85159e-10
1791	1.79525e-10
1792	1.74123e-10
1793	1.68918e-10
1794	1.63945e-10
1795	1.59139e-10
1796	1.54495e-10
1797	1.50045e-10
1798	1.45765e-10
1799	1.41648e-10
1800	1.37681e-10
1801	1.33874e-10
1802	1.30205e-10
1803	1.26664e-10
1804	1.23288e-10
1805	1.20032e-10
1806	1.16886e-10
1807	1.13842e-10
1808	1.10894e-10
1809	8.04817e-10
1810	3.69612e-10
1811	2.85771e-10
1812	2.61576e-10
1813	2.45155e-10
1814	2.33881e-10
1815	2.25331e-10
1816	2.18089e-10
1817	2.11405e-10
1818	2.04713e-10
1819	1.98361e-10
1820	1.92073e-10
1821	1.86113e-10
1822	1.80294e-10
1823	1.7472e-10
1824	1.69302e-10
1825	1.64132e-10
1826	1.5916e-10
1827	1.54391e-10
1828	1.49823e-10
1829	1.45422e-10
1830	1.41168e-10
1831	1.37087e-10
1832	1.33156e-10
1833	1.29388e-10
1834	1.25753e-10
1835	1.22265e-10
1836	1.1891e-10
1837	1.15673e-10
1838	1.12565e-10
1839	1.0958e-10
1840	1.06697e-10
1841	1.0391e-10
1842	1.01216e-10
1843	9.86172e-11
1844	9.61189e-11
1845	8.07198e-10
1846	3.75522e-10
1847	2.92573e-10
1848	2.68366e-10
1849	2.52054e-10
1850	2.40825e-10
1851	2.32266e-10
1852	2.24896e-10
1853	2.18015e-10
1854	2.11161e-10
1855	2.04687e-10
1856	1.98237e-10
1857	1.92131e-10
1858	1.86153e-10
1859	1.80421e-10
1860	1.74907e-10
1861	1.69608e-10
1862	1.64505e-10
1863	1.5962e-10
1864	1.5492e-10
1865	1.50385e-10
1866	1.46008e-10
1867	1.41821e-10
1868	1.37796e-10
1869	1.33915e-10
1870	1.30186e-10
1871	1.26597e-10
1872	1.23137e-10
1873	1.19809e-10
1874	1.16637e-10
1875	1.13568e-10
1876	1.10598e-10
1877	1.07727e-10
1878	1.04955e-10
1879	8.0133e-10
1880	3.69222e-10
1881	2.86095e-10
1882	2.61993e-10
1883	2.4566e-10
1884	2.34419e-10
1885	2.25894e-10
1886	2.18641e-10
1887	2.11912e-10
1888	2.05179e-10
1889	1.98816e-10
1890	1.92497e-10
1891	1.86518e-10
1892	1.80675e-10
1893	1.75071e-10
1894	1.69644e-10
1895	1.6445e-10
1896	1.59456e-10
1897	1.54663e-10
1898	1.50079e-10
1899	1.45656e-10
1900	1.41379e-10
1901	1.37283e-10
1902	1.33341e-10
1903	1.29551e-10
1904	1.25906e-10
1905	1.22402e-10
1906	1.19031e-10
1907	1.15777e-10
1908	1.12668e-10
1909	1.09671e-10
1910	1.06775e-10
1911	1.03977e-10
1912	1.01272e-10
1913	9.86673e-11
1914	9.61629e-11
1915	8.11488e-10
1916	3.77798e-10
1917	2.94666e-10
1918	2.70377e-10
1919	2.54015e-10
1920	2.42758e-10
1921	2.3415e-10
1922	2.26736e-10
1923	2.19819e-10
1924	2.12913e-10
1925	2.06381e-10
1926	1.99898e-10
1927	1.9375e-10
1928	1.87726e-10
1929	1.81946e-10
1930	1.76383e-10
1931	1.71049e-10
1932	1.65913e-10
1933	1.60994e-10
1934	1.56258e-10
1935	1.51685e-10
1936	1.4728e-10
1937	1.43056e-10
1938	1.38996e-10
1939	1.35084e-10
1940	1.31326e-10
1941	1.27714e-10
1942	1.24226e-10
1943	1.20875e-10
1944	1.17667e-10
1945	1.14568e-10
1946	1.11575e-10
1947	1.08674e-10
1948	7.93799e-10
1949	3.63429e-10
1950	2.80112e-10
1951	2.56114e-10
1952	2.3979e-10
1953	2.28602e-10
1954	2.20112e-10
1955	2.12998e-10
1956	2.06425e-10
1957	1.99834e-10
1958	1.93611e-10
1959	1.87429e-10
1960	1.81572e-10
1961	1.75847e-10
1962	1.7038e-10
1963	1.65052e-10
1964	1.59993e-10
1965	1.55111e-10
1966	1.5042e-10
1967	1.45926e-10
1968	1.41607e-10
1969	1.3744e-10
1970	1.33421e-10
1971	1.29574e-10
1972	1.25882e-10
1973	1.2232e-10
1974	1.189e-10
1975	1.15605e-10
1976	1.12428e-10
1977	1.09378e-10
1978	1.06466e-10
1979	1.03649e-10
1980	1.00922e-10
1981	9.82898e-11
1982	9.57433e-11
1983	9.33002e-11
1984	9.09483e-11
1985	8.86721e-11
1986	8.16399e-10
1987	3.83489e-10
1988	3.01009e-10
1989	2.76773e-10
1990	2.60451e-10
1991	2.49158e-10
1992	2.40493e-10
1993	2.32942e-10
1994	2.25879e-10
1995	2.18833e-10
1996	2.12128e-10
1997	2.05525e-10
1998	1.9924e-10
1999	1.93066e-10
2000	1.87173e-10
