1	0.0671657
2	0.0348706
3	0.0170856
4	0.0134352
5	0.0105648
6	0.00818434
7	0.00411443
8	0.00338027
9	0.00286457
10	0.00261034
11	0.00239367
12	0.00220465
13	0.00201979
14	0.00183144
15	0.00164847
16	0.00147506
17	0.00131907
18	0.00118164
19	0.00106194
20	0.000959103
21	0.000871667
22	0.000797821
23	0.000735411
24	0.00068243
25	0.000636968
26	0.000597243
27	0.000561525
28	0.000528436
29	0.000497251
30	0.000467802
31	0.000440043
32	0.000414073
33	0.000389629
34	0.000366864
35	0.000345824
36	0.000326471
37	0.000308668
38	0.000292248
39	0.000277036
40	0.000262871
41	0.000249616
42	0.000237174
43	0.000225475
44	0.000214477
45	0.000204141
46	0.000194425
47	0.000185282
48	0.000176663
49	0.000168532
50	0.000160857
51	0.000153608
52	0.000146649
53	0.000140294
54	0.000134098
55	0.000128372
56	0.000122793
57	0.00011761
58	0.000112572
59	0.000107869
60	0.000103323
61	9.90302e-05
62	9.49357e-05
63	9.1027e-05
64	8.72975e-05
65	8.37429e-05
66	8.03523e-05
67	7.71148e-05
68	7.40221e-05
69	7.1065e-05
70	6.82362e-05
71	6.55286e-05
72	6.29376e-05
73	6.04559e-05
74	5.80815e-05
75	5.58061e-05
76	5.3628e-05
77	5.1538e-05
78	4.95407e-05
79	4.76241e-05
80	4.57898e-05
81	4.40244e-05
82	4.23395e-05
83	4.07144e-05
84	3.9165e-05
85	3.7664e-05
86	3.62383e-05
87	3.48531e-05
88	3.35534e-05
89	3.22679e-05
90	3.10594e-05
91	2.98726e-05
92	2.87634e-05
93	2.76646e-05
94	2.66467e-05
95	2.56276e-05
96	2.46961e-05
97	2.37476e-05
98	2.2895e-05
99	2.20086e-05
100	2.12332e-05
101	2.04013e-05
102	1.96973e-05
103	1.89e-05
104	1.82764e-05
105	1.75422e-05
106	1.69558e-05
107	1.62589e-05
108	1.57568e-05
109	1.50644e-05
110	1.46374e-05
111	1.39687e-05
112	1.36205e-05
113	1.29415e-05
114	1.26609e-05
115	1.19817e-05
116	1.17833e-05
117	1.10943e-05
118	1.09831e-05
119	1.02968e-05
120	1.02419e-05
121	9.5823e-06
122	9.56851e-06
123	8.93661e-06
124	8.95291e-06
125	8.36012e-06
126	8.39232e-06
127	7.827e-06
128	7.85621e-06
129	7.33978e-06
130	7.36784e-06
131	6.89905e-06
132	6.92546e-06
133	6.4999e-06
134	6.48281e-06
135	6.09835e-06
136	6.08404e-06
137	5.72939e-06
138	5.71465e-06
139	5.39353e-06
140	5.37302e-06
141	5.08467e-06
142	5.05834e-06
143	4.79875e-06
144	4.76995e-06
145	4.5347e-06
146	4.50593e-06
147	4.29202e-06
148	4.26672e-06
149	4.06923e-06
150	4.04964e-06
151	3.86493e-06
152	3.8521e-06
153	5.76525e-06
154	5.726e-06
155	5.49773e-06
156	5.47773e-06
157	5.24855e-06
158	5.24311e-06
159	5.01844e-06
160	5.02241e-06
161	4.80595e-06
162	4.81648e-06
163	4.60985e-06
164	4.6251e-06
165	4.42841e-06
166	4.44839e-06
167	4.26116e-06
168	4.28551e-06
169	4.1069e-06
170	4.13515e-06
171	3.96531e-06
172	3.99673e-06
173	3.83566e-06
174	3.86948e-06
175	3.71692e-06
176	3.75259e-06
177	3.60852e-06
178	3.64547e-06
179	3.50998e-06
180	3.54757e-06
181	3.42093e-06
182	3.45814e-06
183	3.34023e-06
184	3.37696e-06
185	3.26763e-06
186	3.3032e-06
187	3.20146e-06
188	3.23623e-06
189	3.14337e-06
190	3.17646e-06
191	3.09214e-06
192	3.12318e-06
193	3.04718e-06
194	3.07609e-06
195	3.00802e-06
196	3.03454e-06
197	2.97409e-06
198	2.99801e-06
199	4.61773e-06
200	4.5033e-06
201	4.48106e-06
202	4.42221e-06
203	4.36786e-06
204	4.33469e-06
205	4.26842e-06
206	4.24227e-06
207	4.17726e-06
208	4.15023e-06
209	4.0909e-06
210	4.06136e-06
211	4.00791e-06
212	3.97622e-06
213	3.92812e-06
214	3.8947e-06
215	3.85172e-06
216	3.81657e-06
217	3.77852e-06
218	3.74173e-06
219	3.70846e-06
220	3.67001e-06
221	3.64128e-06
222	3.60132e-06
223	3.57687e-06
224	3.53547e-06
225	3.51499e-06
226	3.47221e-06
227	3.45546e-06
228	3.41148e-06
229	3.39829e-06
230	3.3531e-06
231	3.34329e-06
232	3.29698e-06
233	3.2904e-06
234	3.24296e-06
235	3.23945e-06
236	3.19094e-06
237	3.19027e-06
238	3.14078e-06
239	3.14276e-06
240	3.09244e-06
241	3.09685e-06
242	3.04573e-06
243	3.05241e-06
244	3.00059e-06
245	3.00934e-06
246	2.95695e-06
247	2.96759e-06
248	2.91474e-06
249	2.92708e-06
250	2.87381e-06
251	2.88774e-06
252	2.83413e-06
253	2.84953e-06
254	2.79568e-06
255	2.81232e-06
256	2.7584e-06
257	2.77614e-06
258	2.72216e-06
259	2.74088e-06
260	2.68695e-06
261	2.70652e-06
262	2.65267e-06
263	2.67299e-06
264	2.61932e-06
265	2.64027e-06
266	2.58682e-06
267	2.60828e-06
268	2.55514e-06
269	2.57701e-06
270	2.52422e-06
271	2.54644e-06
272	2.49403e-06
273	2.51651e-06
274	2.46452e-06
275	2.48721e-06
276	2.43569e-06
277	2.45848e-06
278	2.40748e-06
279	2.43033e-06
280	2.37988e-06
281	2.40271e-06
282	2.35289e-06
283	2.37563e-06
284	2.32647e-06
285	2.34903e-06
286	2.30059e-06
287	2.32291e-06
288	2.27522e-06
289	2.29726e-06
290	2.25036e-06
291	2.27204e-06
292	2.22594e-06
293	2.24723e-06
294	2.202e-06
295	2.22284e-06
296	2.1785e-06
297	2.19884e-06
298	2.15541e-06
299	2.17522e-06
300	2.1327e-06
301	2.15197e-06
302	2.11037e-06
303	2.12907e-06
304	2.08839e-06
305	2.10651e-06
306	2.06675e-06
307	2.08427e-06
308	2.04544e-06
309	2.06236e-06
310	2.02444e-06
311	2.04075e-06
312	2.00375e-06
313	2.01944e-06
314	1.98336e-06
315	1.99843e-06
316	1.96326e-06
317	1.97769e-06
318	1.94343e-06
319	1.95724e-06
320	1.92386e-06
321	1.93704e-06
322	1.90455e-06
323	1.91711e-06
324	1.88548e-06
325	1.89744e-06
326	1.86666e-06
327	1.87801e-06
328	1.84809e-06
329	1.85882e-06
330	1.82976e-06
331	1.83987e-06
332	1.81166e-06
333	1.82115e-06
334	1.7938e-06
335	1.80265e-06
336	1.77615e-06
337	1.78437e-06
338	1.75872e-06
339	1.76631e-06
340	1.74149e-06
341	1.74846e-06
342	1.72446e-06
343	1.73082e-06
344	1.70763e-06
345	1.71338e-06
346	1.69098e-06
347	1.69614e-06
348	1.67451e-06
349	1.67909e-06
350	1.65821e-06
351	1.66224e-06
352	1.64209e-06
353	1.64557e-06
354	1.62613e-06
355	1.62909e-06
356	1.61035e-06
357	1.61279e-06
358	1.59471e-06
359	1.59667e-06
360	1.57924e-06
361	1.58073e-06
362	1.56391e-06
363	1.56496e-06
364	1.54874e-06
365	1.54936e-06
366	1.53371e-06
367	1.53393e-06
368	1.51882e-06
369	1.51866e-06
370	1.50408e-06
371	1.50355e-06
372	1.48947e-06
373	1.48861e-06
374	1.475e-06
375	1.47382e-06
376	1.46066e-06
377	1.45919e-06
378	1.44646e-06
379	1.44471e-06
380	1.43239e-06
381	1.43039e-06
382	1.41846e-06
383	1.41621e-06
384	1.40465e-06
385	1.40218e-06
386	1.39097e-06
387	1.3883e-06
388	1.37741e-06
389	1.37456e-06
390	1.36399e-06
391	1.36096e-06
392	1.35068e-06
393	1.3475e-06
394	1.33751e-06
395	1.33417e-06
396	1.32446e-06
397	1.32099e-06
398	1.31153e-06
399	1.30794e-06
400	1.29872e-06
401	1.29502e-06
402	1.28603e-06
403	1.28223e-06
404	1.27347e-06
405	1.26958e-06
406	1.26102e-06
407	1.25705e-06
408	1.2487e-06
409	1.24465e-06
410	1.23649e-06
411	1.23237e-06
412	1.22439e-06
413	1.22022e-06
414	1.21241e-06
415	1.20818e-06
416	1.20055e-06
417	1.19627e-06
418	1.1888e-06
419	1.18448e-06
420	1.17717e-06
421	1.17281e-06
422	1.16564e-06
423	1.16126e-06
424	1.15423e-06
425	1.14982e-06
426	1.14292e-06
427	1.13849e-06
428	1.13173e-06
429	1.12728e-06
430	1.12064e-06
431	1.11618e-06
432	1.10966e-06
433	1.10519e-06
434	1.09879e-06
435	1.09432e-06
436	1.08802e-06
437	1.08354e-06
438	1.07736e-06
439	1.07288e-06
440	1.0668e-06
441	1.06232e-06
442	1.05634e-06
443	1.05187e-06
444	1.04599e-06
445	1.04152e-06
446	1.03573e-06
447	1.03128e-06
448	1.02557e-06
449	1.02113e-06
450	1.01552e-06
451	1.01109e-06
452	1.00556e-06
453	1.00114e-06
454	9.95696e-07
455	9.91297e-07
456	9.8593e-07
457	9.81549e-07
458	9.76258e-07
459	9.71897e-07
460	9.66681e-07
461	9.62341e-07
462	9.57198e-07
463	9.52879e-07
464	9.47807e-07
465	9.43511e-07
466	9.38507e-07
467	9.34235e-07
468	9.29299e-07
469	9.25051e-07
470	9.2018e-07
471	9.15958e-07
472	9.1115e-07
473	9.06954e-07
474	9.02209e-07
475	8.9804e-07
476	8.93355e-07
477	8.89213e-07
478	8.84587e-07
479	8.80473e-07
480	8.75906e-07
481	8.7182e-07
482	8.67309e-07
483	8.63252e-07
484	8.58796e-07
485	8.54769e-07
486	8.50366e-07
487	8.46369e-07
488	8.42019e-07
489	8.38052e-07
490	8.33754e-07
491	8.29817e-07
492	8.2557e-07
493	8.21663e-07
494	8.17465e-07
495	8.13589e-07
496	8.0944e-07
497	8.05595e-07
498	8.01494e-07
499	7.97679e-07
500	7.93625e-07
501	7.89842e-07
502	7.85834e-07
503	7.82082e-07
504	7.78119e-07
505	7.74398e-07
506	7.70479e-07
507	7.66789e-07
508	7.62915e-07
509	7.59256e-07
510	7.55424e-07
511	7.51797e-07
512	7.48007e-07
513	7.44411e-07
514	7.40663e-07
515	7.37098e-07
516	7.33391e-07
517	7.29857e-07
518	7.2619e-07
519	7.22687e-07
520	7.19059e-07
521	7.15587e-07
522	7.11999e-07
523	7.08558e-07
524	7.05007e-07
525	7.01597e-07
526	6.98085e-07
527	6.94705e-07
528	6.9123e-07
529	6.87881e-07
530	6.84442e-07
531	6.81124e-07
532	6.77722e-07
533	6.74433e-07
534	6.71067e-07
535	6.67808e-07
536	6.64477e-07
537	6.61248e-07
538	6.57952e-07
539	6.54753e-07
540	6.51491e-07
541	6.48321e-07
542	6.45093e-07
543	6.41953e-07
544	6.38758e-07
545	9.96714e-07
546	9.31125e-07
547	9.41122e-07
548	9.0169e-07
549	8.963e-07
550	8.68619e-07
551	8.57524e-07
552	8.34347e-07
553	8.22039e-07
554	8.00597e-07
555	7.88391e-07
556	7.68117e-07
557	7.56041e-07
558	7.37028e-07
559	7.24921e-07
560	7.07232e-07
561	6.95074e-07
562	6.78584e-07
563	6.66496e-07
564	6.51029e-07
565	6.39138e-07
566	6.24538e-07
567	6.1294e-07
568	9.98407e-07
569	8.91558e-07
570	8.99448e-07
571	8.2708e-07
572	8.17721e-07
573	7.63507e-07
574	7.46608e-07
575	7.0229e-07
576	6.83319e-07
577	6.44731e-07
578	6.26098e-07
579	5.91393e-07
580	5.73808e-07
581	5.42333e-07
582	5.25815e-07
583	4.97363e-07
584	4.81752e-07
585	4.56127e-07
586	4.41334e-07
587	4.18282e-07
588	4.04296e-07
589	3.83552e-07
590	3.70379e-07
591	3.5167e-07
592	3.39327e-07
593	3.22403e-07
594	3.10899e-07
595	2.95544e-07
596	2.84869e-07
597	2.70899e-07
598	2.61032e-07
599	2.48295e-07
600	2.39197e-07
601	2.27566e-07
602	2.19193e-07
603	2.08563e-07
604	2.00863e-07
605	9.91057e-07
606	8.30521e-07
607	8.29663e-07
608	7.53038e-07
609	7.25844e-07
610	6.61658e-07
611	6.32055e-07
612	5.75622e-07
613	5.47988e-07
614	4.98383e-07
615	4.73815e-07
616	4.30328e-07
617	4.08984e-07
618	3.70919e-07
619	3.52653e-07
620	3.19331e-07
621	3.03901e-07
622	2.74683e-07
623	2.61776e-07
624	2.36129e-07
625	2.25444e-07
626	2.02898e-07
627	1.94148e-07
628	1.65439e-07
629	1.50618e-07
630	1.26441e-07
631	1.15527e-07
632	8.8423e-08
633	7.63328e-08
634	5.67058e-08
635	4.98861e-08
636	3.58342e-08
637	3.24848e-08
638	2.26102e-08
639	2.12274e-08
640	1.35088e-08
641	1.12849e-08
642	7.47067e-09
643	5.91432e-09
644	4.61616e-09
645	3.90623e-09
646	3.39203e-09
647	3.07107e-09
648	2.84123e-09
649	2.6607e-09
650	2.54384e-09
651	2.44345e-09
652	2.36741e-09
653	2.30316e-09
654	2.24347e-09
655	2.04312e-09
656	1.82594e-09
657	1.77422e-09
658	1.73548e-09
659	1.69885e-09
660	1.6646e-09
661	1.63088e-09
662	1.5982e-09
663	1.56643e-09
664	1.53542e-09
665	1.50529e-09
666	1.47598e-09
667	1.44756e-09
668	1.41996e-09
669	1.39308e-09
670	1.36701e-09
671	1.34158e-09
672	1.31687e-09
673	1.29278e-09
674	1.26938e-09
675	1.24655e-09
676	1.2243e-09
677	1.20263e-09
678	1.18153e-09
679	1.16099e-09
680	1.14097e-09
681	1.12148e-09
682	1.10248e-09
683	1.08396e-09
684	1.06591e-09
685	1.04832e-09
686	1.03115e-09
687	1.01441e-09
688	9.98069e-10
689	9.82092e-10
690	9.66488e-10
691	9.51277e-10
692	9.36421e-10
693	9.21886e-10
694	9.07672e-10
695	8.93842e-10
696	8.8033e-10
697	8.6711e-10
698	8.54201e-10
699	8.41589e-10
700	8.29263e-10
701	8.17214e-10
702	8.05454e-10
703	7.93942e-10
704	7.82693e-10
705	7.71692e-10
706	7.60932e-10
707	7.50413e-10
708	7.4012e-10
709	7.30051e-10
710	7.20192e-10
711	7.10532e-10
712	7.01065e-10
713	6.91788e-10
714	6.82697e-10
715	6.73785e-10
716	6.65056e-10
717	6.56501e-10
718	6.48111e-10
719	6.39894e-10
720	6.3184e-10
721	6.23947e-10
722	6.16205e-10
723	6.08623e-10
724	6.01188e-10
725	5.93889e-10
726	5.8673e-10
727	5.79707e-10
728	5.72821e-10
729	5.66063e-10
730	5.59431e-10
731	5.52922e-10
732	5.46527e-10
733	1.03467e-09
734	6.11925e-10
735	5.08544e-10
736	4.7452e-10
737	4.554e-10
738	4.43478e-10
739	4.34288e-10
740	4.26476e-10
741	4.18869e-10
742	4.11848e-10
743	4.04894e-10
744	3.98244e-10
745	3.91735e-10
746	3.85423e-10
747	3.79324e-10
748	3.73362e-10
749	3.67638e-10
750	3.62035e-10
751	3.56639e-10
752	3.51377e-10
753	3.4628e-10
754	3.41316e-10
755	3.36495e-10
756	3.31802e-10
757	3.27252e-10
758	3.22827e-10
759	3.18524e-10
760	3.14356e-10
761	3.10307e-10
762	3.06358e-10
763	3.0251e-10
764	2.98758e-10
765	2.95096e-10
766	2.91522e-10
767	2.88039e-10
768	2.84647e-10
769	2.81345e-10
770	2.7812e-10
771	2.74974e-10
772	2.71899e-10
773	2.68899e-10
774	2.65962e-10
775	2.63097e-10
776	2.60305e-10
777	2.57578e-10
778	2.54911e-10
779	2.52299e-10
780	2.49742e-10
781	2.47247e-10
782	2.44811e-10
783	2.42422e-10
784	2.40088e-10
785	2.37812e-10
786	1.26442e-09
787	7.51886e-10
788	6.54923e-10
789	6.21574e-10
790	6.03756e-10
791	5.90775e-10
792	5.8137e-10
793	5.71473e-10
794	5.62202e-10
795	5.52426e-10
796	5.42994e-10
797	5.33492e-10
798	5.24278e-10
799	5.15144e-10
800	5.06264e-10
801	4.97492e-10
802	4.88949e-10
803	4.80575e-10
804	4.72396e-10
805	8.37545e-10
806	4.27612e-10
807	3.4434e-10
808	3.1641e-10
809	3.01228e-10
810	2.91545e-10
811	2.84107e-10
812	2.78052e-10
813	2.72702e-10
814	2.67624e-10
815	2.62847e-10
816	2.58183e-10
817	2.53728e-10
818	2.49403e-10
819	2.45228e-10
820	2.41217e-10
821	2.37364e-10
822	2.33622e-10
823	2.30019e-10
824	2.26528e-10
825	2.23152e-10
826	2.1988e-10
827	2.16717e-10
828	2.13646e-10
829	2.1067e-10
830	2.07786e-10
831	2.04993e-10
832	2.02291e-10
833	1.9969e-10
834	1.9716e-10
835	1.947e-10
836	1.9231e-10
837	1.89984e-10
838	1.87723e-10
839	1.85532e-10
840	1.83409e-10
841	1.81341e-10
842	1.79325e-10
843	1.77363e-10
844	1.75451e-10
845	1.73594e-10
846	1.71788e-10
847	1.70033e-10
848	1.00779e-09
849	5.54003e-10
850	4.708e-10
851	4.44148e-10
852	4.3057e-10
853	4.20897e-10
854	4.13008e-10
855	4.04799e-10
856	3.96875e-10
857	3.88835e-10
858	3.81006e-10
859	3.73209e-10
860	3.65642e-10
861	3.58194e-10
862	3.50994e-10
863	3.43962e-10
864	3.37179e-10
865	3.30576e-10
866	3.24148e-10
867	3.17885e-10
868	3.11812e-10
869	3.05929e-10
870	3.00241e-10
871	2.94715e-10
872	2.89337e-10
873	9.18082e-10
874	4.81691e-10
875	3.89424e-10
876	3.58839e-10
877	3.43744e-10
878	3.32598e-10
879	3.24028e-10
880	3.16489e-10
881	3.09389e-10
882	3.02409e-10
883	2.95782e-10
884	2.89363e-10
885	2.83195e-10
886	2.77246e-10
887	2.71506e-10
888	2.65982e-10
889	2.60681e-10
890	2.55572e-10
891	2.50677e-10
892	2.45954e-10
893	2.41424e-10
894	2.37053e-10
895	2.32822e-10
896	2.28745e-10
897	2.24795e-10
898	2.20981e-10
899	2.17277e-10
900	2.13696e-10
901	2.10218e-10
902	2.06856e-10
903	2.03603e-10
904	2.00443e-10
905	1.97381e-10
906	1.94406e-10
907	1.9152e-10
908	1.88716e-10
909	1.85997e-10
910	1.83357e-10
911	1.80788e-10
912	1.78293e-10
913	1.75872e-10
914	1.73522e-10
915	1.71236e-10
916	1.69012e-10
917	1.66848e-10
918	1.64744e-10
919	1.62694e-10
920	1.60696e-10
921	1.58748e-10
922	1.56847e-10
923	9.22791e-10
924	4.89483e-10
925	4.11323e-10
926	3.8604e-10
927	3.71148e-10
928	3.60176e-10
929	3.51365e-10
930	3.42856e-10
931	3.34825e-10
932	3.26739e-10
933	3.18916e-10
934	3.11209e-10
935	3.03749e-10
936	2.96496e-10
937	2.89508e-10
938	2.82712e-10
939	2.76126e-10
940	2.69765e-10
941	2.63651e-10
942	2.57745e-10
943	2.52037e-10
944	2.465e-10
945	2.41136e-10
946	2.35966e-10
947	2.3098e-10
948	8.6412e-10
949	4.1645e-10
950	3.25399e-10
951	2.99196e-10
952	2.82749e-10
953	2.7171e-10
954	2.63137e-10
955	2.55965e-10
956	2.49305e-10
957	2.42706e-10
958	2.3638e-10
959	2.30196e-10
960	2.24198e-10
961	2.18371e-10
962	2.12773e-10
963	2.07353e-10
964	2.02126e-10
965	1.97104e-10
966	1.92276e-10
967	1.87603e-10
968	1.83101e-10
969	1.78765e-10
970	1.74603e-10
971	1.70581e-10
972	1.66706e-10
973	1.62963e-10
974	1.59363e-10
975	1.55879e-10
976	1.52513e-10
977	1.49259e-10
978	1.46122e-10
979	1.43088e-10
980	1.40151e-10
981	1.37311e-10
982	1.3457e-10
983	1.31919e-10
984	1.29356e-10
985	1.26871e-10
986	1.24469e-10
987	1.22141e-10
988	1.19886e-10
989	1.17693e-10
990	1.15569e-10
991	1.13509e-10
992	1.11515e-10
993	1.09582e-10
994	8.98688e-10
995	4.58709e-10
996	3.76655e-10
997	3.51112e-10
998	3.35763e-10
999	3.24847e-10
1000	3.16055e-10
