1	0
2	0.453455
3	0.312061
4	0.218804
5	0.16006
6	0.144354
7	0.141845
8	0.128269
9	0.107962
10	0.0944699
11	0.0814415
12	0.0687721
13	0.0587028
14	0.0495589
15	0.0422386
16	0.036218
17	0.03146
18	0.0273384
19	0.0240315
20	0.0212569
21	0.0189052
22	0.0169329
23	0.0152162
24	0.0137701
25	0.0125174
26	0.0114434
27	0.0105107
28	0.00967956
29	0.0089159
30	0.00820322
31	0.00754378
32	0.00677429
33	0.00617298
34	0.00566626
35	0.00522144
36	0.0048177
37	0.00444571
38	0.00410719
39	0.00379843
40	0.00351919
41	0.00326693
42	0.00303939
43	0.00283286
44	0.00264495
45	0.0024719
46	0.00231126
47	0.00216122
48	0.00202167
49	0.00189183
50	0.00177145
51	0.00165988
52	0.00155538
53	0.00147776
54	0.00137561
55	0.00130457
56	0.00121676
57	0.00115607
58	0.00108033
59	0.00103037
60	0.00096336
61	0.000917547
62	0.000864414
63	0.000821787
64	0.000776828
65	0.000738714
66	0.000699989
67	0.000667385
68	0.000634093
69	0.000606133
70	0.000577034
71	0.000552202
72	0.000526304
73	0.000504089
74	0.000480822
75	0.000461073
76	0.000440476
77	0.000423288
78	0.000404784
79	0.00039012
80	0.000373734
81	0.000360924
82	0.000345614
83	0.000334897
84	0.000320974
85	0.000312597
86	0.000298731
87	0.000292783
88	0.000278687
89	0.000277666
90	0.000260924
91	0.000262311
92	0.000246064
93	0.000249465
94	0.000232673
95	0.00023869
96	0.000221109
97	0.000230326
98	0.000211421
99	0.000223969
100	0.000203737
101	0.000220077
102	0.000198092
103	0.000218025
104	0.000195097
105	0.000222487
106	0.000193246
107	0.000227702
108	0.000200238
109	0.000238083
110	0.000212139
111	0.000255019
112	0.000231356
113	0.000285195
114	0.000260198
115	0.000323158
116	0.000303201
117	0.000371328
118	0.000358174
119	0.000431374
120	0.000419301
121	0.000493393
122	0.000487136
123	0.000565045
124	0.000566186
125	0.000647942
126	0.000657634
127	0.000724646
128	0.000736852
129	0.000798251
130	0.000817418
131	0.000875789
132	0.000902543
133	0.000958599
134	0.000959576
135	0.00101076
136	0.00100876
137	0.00105721
138	0.00105529
139	0.00110061
140	0.00109953
141	0.00114216
142	0.00114188
143	0.00118254
144	0.00118291
145	0.00122184
146	0.00122305
147	0.00126038
148	0.00126263
149	0.00129855
150	0.00130183
151	0.00133655
152	0.00134092
153	0.00137462
154	0.00137454
155	0.00139856
156	0.00139835
157	0.00142161
158	0.00142139
159	0.0014434
160	0.00144332
161	0.00146414
162	0.00146433
163	0.00148414
164	0.00148465
165	0.00150362
166	0.00150448
167	0.00152276
168	0.001524
169	0.00154168
170	0.00154332
171	0.00156049
172	0.00156252
173	0.00157926
174	0.0015817
175	0.00159806
176	0.00160088
177	0.00161694
178	0.00162013
179	0.00163593
180	0.00163948
181	0.00165506
182	0.00165896
183	0.00167436
184	0.00167861
185	0.00169386
186	0.00169843
187	0.0017136
188	0.00171852
189	0.0017336
190	0.00173883
191	0.00175386
192	0.00175937
193	0.00177436
194	0.00178015
195	0.00179512
196	0.00180116
197	0.00181613
198	0.00182242
199	0.0018374
200	0.00183305
201	0.0018317
202	0.00182404
203	0.00182266
204	0.0018136
205	0.00181129
206	0.0018016
207	0.00179829
208	0.00178829
209	0.00178423
210	0.00177401
211	0.00176945
212	0.00175906
213	0.00175414
214	0.00174364
215	0.00173846
216	0.00172792
217	0.00172255
218	0.00171202
219	0.00170649
220	0.00169601
221	0.00169036
222	0.00167996
223	0.00167422
224	0.00166392
225	0.00165811
226	0.00164792
227	0.00164206
228	0.00163199
229	0.0016261
230	0.00161616
231	0.00161025
232	0.00160043
233	0.00159451
234	0.00158482
235	0.0015789
236	0.00156933
237	0.00156342
238	0.00155398
239	0.00154808
240	0.00153876
241	0.00153288
242	0.00152367
243	0.00151782
244	0.00150873
245	0.0015029
246	0.00149393
247	0.00148813
248	0.00147927
249	0.0014735
250	0.00146475
251	0.00145901
252	0.00145037
253	0.00144467
254	0.00143613
255	0.00143047
256	0.00142203
257	0.0014164
258	0.00140807
259	0.00140248
260	0.00139424
261	0.00138869
262	0.00138055
263	0.00137504
264	0.00136699
265	0.00136153
266	0.00135357
267	0.00134815
268	0.00134027
269	0.0013349
270	0.00132711
271	0.00132179
272	0.00131408
273	0.0013088
274	0.00130117
275	0.00129594
276	0.0012884
277	0.00128321
278	0.00127574
279	0.00127061
280	0.00126322
281	0.00125812
282	0.00125081
283	0.00124576
284	0.00123853
285	0.00123353
286	0.00122637
287	0.00122141
288	0.00121433
289	0.00120941
290	0.0012024
291	0.00119753
292	0.00119059
293	0.00118577
294	0.0011789
295	0.00117412
296	0.00116733
297	0.00116259
298	0.00115587
299	0.00115117
300	0.00114452
301	0.00113986
302	0.00113328
303	0.00112866
304	0.00112215
305	0.00111758
306	0.00111114
307	0.0011066
308	0.00110023
309	0.00109573
310	0.00108942
311	0.00108497
312	0.00107873
313	0.00107431
314	0.00106814
315	0.00106376
316	0.00105765
317	0.00105331
318	0.00104726
319	0.00104296
320	0.00103698
321	0.00103271
322	0.0010268
323	0.00102257
324	0.00101672
325	0.00101253
326	0.00100674
327	0.00100258
328	0.000996854
329	0.000992731
330	0.000987067
331	0.000982979
332	0.000977375
333	0.000973323
334	0.00096778
335	0.000963762
336	0.000958278
337	0.000954294
338	0.000948869
339	0.00094492
340	0.000939553
341	0.000935638
342	0.000930329
343	0.000926446
344	0.000921195
345	0.000917346
346	0.000912151
347	0.000908334
348	0.000903195
349	0.000899411
350	0.000894328
351	0.000890575
352	0.000885547
353	0.000881827
354	0.000876853
355	0.000873164
356	0.000868244
357	0.000864586
358	0.000859719
359	0.000856093
360	0.000851279
361	0.000847683
362	0.000842921
363	0.000839356
364	0.000834645
365	0.00083111
366	0.00082645
367	0.000822945
368	0.000818336
369	0.000814861
370	0.000810302
371	0.000806856
372	0.000802346
373	0.00079893
374	0.000794468
375	0.000791081
376	0.000786668
377	0.00078331
378	0.000778945
379	0.000775615
380	0.000771297
381	0.000767995
382	0.000763724
383	0.000760451
384	0.000756226
385	0.00075298
386	0.000748801
387	0.000745583
388	0.000741449
389	0.000738258
390	0.000734169
391	0.000731006
392	0.000726961
393	0.000723825
394	0.000719824
395	0.000716714
396	0.000712756
397	0.000709673
398	0.000705758
399	0.000702702
400	0.000698829
401	0.000695798
402	0.000691967
403	0.000688963
404	0.000685173
405	0.000682195
406	0.000678446
407	0.000675493
408	0.000671785
409	0.000668857
410	0.000665189
411	0.000662287
412	0.000658658
413	0.000655781
414	0.000652191
415	0.000649338
416	0.000645787
417	0.00064296
418	0.000639447
419	0.000636643
420	0.000633168
421	0.000630389
422	0.000626951
423	0.000624197
424	0.000620795
425	0.000618065
426	0.0006147
427	0.000611993
428	0.000608664
429	0.000605981
430	0.000602688
431	0.000600028
432	0.000596771
433	0.000594134
434	0.000590911
435	0.000588297
436	0.000585109
437	0.000582518
438	0.000579364
439	0.000576796
440	0.000573675
441	0.00057113
442	0.000568042
443	0.000565519
444	0.000562465
445	0.000559964
446	0.000556942
447	0.000554463
448	0.000551474
449	0.000549016
450	0.000546059
451	0.000543623
452	0.000540697
453	0.000538283
454	0.000535388
455	0.000532995
456	0.000530131
457	0.000527759
458	0.000524926
459	0.000522575
460	0.000519771
461	0.000517441
462	0.000514668
463	0.000512358
464	0.000509614
465	0.000507325
466	0.00050461
467	0.000502342
468	0.000499655
469	0.000497407
470	0.000494749
471	0.000492521
472	0.000489891
473	0.000487683
474	0.000485081
475	0.000482892
476	0.000480318
477	0.000478149
478	0.000475601
479	0.000473452
480	0.000470931
481	0.000468801
482	0.000466307
483	0.000464196
484	0.000461728
485	0.000459636
486	0.000457194
487	0.000455121
488	0.000452705
489	0.00045065
490	0.00044826
491	0.000446223
492	0.000443858
493	0.00044184
494	0.0004395
495	0.0004375
496	0.000435184
497	0.000433202
498	0.000430911
499	0.000428947
500	0.00042668
501	0.000424733
502	0.00042249
503	0.000420561
504	0.000418341
505	0.00041643
506	0.000414233
507	0.000412339
508	0.000410166
509	0.000408289
510	0.000406138
511	0.000404278
512	0.00040215
513	0.000400307
514	0.000398201
515	0.000396375
516	0.000394291
517	0.000392482
518	0.000390419
519	0.000388626
520	0.000386586
521	0.000384809
522	0.000382789
523	0.000381029
524	0.000379031
525	0.000377286
526	0.000375309
527	0.00037358
528	0.000371623
529	0.00036991
530	0.000367974
531	0.000366277
532	0.000364361
533	0.000362679
534	0.000360783
535	0.000359117
536	0.00035724
537	0.000355589
538	0.000353732
539	0.000352096
540	0.000350258
541	0.000348638
542	0.000346819
543	0.000345213
544	0.000343413
545	0.000341822
546	0.000340041
547	0.000338464
548	0.000336702
549	0.00033514
550	0.000333396
551	0.000331848
552	0.000330122
553	0.000328588
554	0.00032688
555	0.000325361
556	0.00032367
557	0.000322165
558	0.000320492
559	0.000319
560	0.000317344
561	0.000315867
562	0.000314228
563	0.000312764
564	0.000311142
565	0.000309692
566	0.000308087
567	0.00030665
568	0.000305062
569	0.000303638
570	0.000302066
571	0.000300655
572	0.0002991
573	0.000297702
574	0.000296162
575	0.000294778
576	0.000293254
577	0.000291883
578	0.000290374
579	0.000289016
580	0.000287523
581	0.000286177
582	0.000284699
583	0.000283366
584	0.000281904
585	0.000280582
586	0.000279135
587	0.000277826
588	0.000276394
589	0.000275097
590	0.00027368
591	0.000272395
592	0.000270992
593	0.00026972
594	0.000268331
595	0.00026707
596	0.000265696
597	0.000264447
598	0.000263087
599	0.00026185
600	0.000260503
601	0.000259278
602	0.000257945
603	0.000256731
604	0.000255412
605	0.000254209
606	0.000252904
607	0.000251712
608	0.00025042
609	0.00024924
610	0.000247961
611	0.000246792
612	0.000245526
613	0.000244368
614	0.000243115
615	0.000241967
616	0.000240727
617	0.000239591
618	0.000238363
619	0.000237237
620	0.000236023
621	0.000234907
622	0.000233705
623	0.0002326
624	0.00023141
625	0.000230315
626	0.000229137
627	0.000228053
628	0.000226887
629	0.000225813
630	0.000224659
631	0.000223595
632	0.000222453
633	0.000221399
634	0.000220268
635	0.000219224
636	0.000218105
637	0.000217071
638	0.000215963
639	0.000214939
640	0.000213842
641	0.000212828
642	0.000211742
643	0.000210737
644	0.000209663
645	0.000208667
646	0.000207604
647	0.000206618
648	0.000205565
649	0.000204588
650	0.000203546
651	0.000202579
652	0.000201547
653	0.000200589
654	0.000199568
655	0.000198619
656	0.000197608
657	0.000196668
658	0.000195668
659	0.000194736
660	0.000193746
661	0.000192824
662	0.000191843
663	0.00019093
664	0.000189959
665	0.000189054
666	0.000188094
667	0.000187197
668	0.000186247
669	0.000185359
670	0.000184418
671	0.000183538
672	0.000182607
673	0.000181735
674	0.000180813
675	0.00017995
676	0.000179038
677	0.000178183
678	0.000177279
679	0.000176433
680	0.000175538
681	0.0001747
682	0.000173815
683	0.000172984
684	0.000172108
685	0.000171285
686	0.000170417
687	0.000169602
688	0.000168744
689	0.000167937
690	0.000167087
691	0.000166287
692	0.000165446
693	0.000164654
694	0.000163821
695	0.000163037
696	0.000162212
697	0.000161435
698	0.000160619
699	0.00015985
700	0.000159042
701	0.00015828
702	0.00015748
703	0.000156725
704	0.000155933
705	0.000155186
706	0.000154402
707	0.000153661
708	0.000152885
709	0.000152152
710	0.000151384
711	0.000150658
712	0.000149897
713	0.000149178
714	0.000148425
715	0.000147713
716	0.000146968
717	0.000146262
718	0.000145524
719	0.000144825
720	0.000144095
721	0.000143403
722	0.00014268
723	0.000141994
724	0.000141279
725	0.0001406
726	0.000139891
727	0.000139219
728	0.000138517
729	0.000137851
730	0.000137157
731	0.000136497
732	0.00013581
733	0.000135157
734	0.000134476
735	0.000133829
736	0.000133156
737	0.000132515
738	0.000131848
739	0.000131213
740	0.000130553
741	0.000129925
742	0.000129271
743	0.000128648
744	0.000128001
745	0.000127385
746	0.000126744
747	0.000126134
748	0.0001255
749	0.000124895
750	0.000124267
751	0.000123668
752	0.000123047
753	0.000122454
754	0.000121838
755	0.000121251
756	0.000120642
757	0.00012006
758	0.000119457
759	0.000118881
760	0.000118284
761	0.000117713
762	0.000117122
763	0.000116557
764	0.000115972
765	0.000115412
766	0.000114833
767	0.000114279
768	0.000113705
769	0.000113156
770	0.000112588
771	0.000112045
772	0.000111483
773	0.000110944
774	0.000110388
775	0.000109855
776	0.000109304
777	0.000108776
778	0.00010823
779	0.000107707
780	0.000107167
781	0.000106649
782	0.000106115
783	0.000105602
784	0.000105073
785	0.000104565
786	0.000104041
787	0.000103538
788	0.000103019
789	0.000102521
790	0.000102007
791	0.000101514
792	0.000101006
793	0.000100517
794	0.000100014
795	9.95295e-05
796	9.90313e-05
797	9.85519e-05
798	9.80588e-05
799	9.7584e-05
800	9.70957e-05
801	9.66255e-05
802	9.61422e-05
803	9.56765e-05
804	9.51979e-05
805	9.47368e-05
806	9.4263e-05
807	9.38063e-05
808	9.33373e-05
809	9.2885e-05
810	9.24206e-05
811	9.19727e-05
812	9.15129e-05
813	9.10694e-05
814	9.06142e-05
815	9.01749e-05
816	8.97243e-05
817	8.92892e-05
818	8.88431e-05
819	8.84123e-05
820	8.79706e-05
821	8.75439e-05
822	8.71066e-05
823	8.66841e-05
824	8.62511e-05
825	8.58327e-05
826	8.54041e-05
827	8.49897e-05
828	8.45653e-05
829	8.41549e-05
830	8.37348e-05
831	8.33284e-05
832	8.29124e-05
833	8.251e-05
834	8.20981e-05
835	8.16996e-05
836	8.12919e-05
837	8.08971e-05
838	8.04935e-05
839	8.01026e-05
840	7.9703e-05
841	7.93159e-05
842	7.89202e-05
843	7.85368e-05
844	7.81451e-05
845	7.77655e-05
846	7.73776e-05
847	7.70017e-05
848	7.66177e-05
849	7.62454e-05
850	7.58653e-05
851	7.54966e-05
852	7.51202e-05
853	7.47551e-05
854	7.43824e-05
855	7.40208e-05
856	7.36519e-05
857	7.32938e-05
858	7.29286e-05
859	7.2574e-05
860	7.22123e-05
861	7.18612e-05
862	7.15031e-05
863	7.11554e-05
864	7.08009e-05
865	7.04565e-05
866	7.01056e-05
867	6.97645e-05
868	6.9417e-05
869	6.90793e-05
870	6.87353e-05
871	6.84008e-05
872	6.80602e-05
873	6.7729e-05
874	6.73918e-05
875	6.70638e-05
876	6.673e-05
877	6.64051e-05
878	6.60746e-05
879	6.57529e-05
880	6.54257e-05
881	6.51071e-05
882	6.47831e-05
883	6.44677e-05
884	6.41469e-05
885	6.38345e-05
886	6.35169e-05
887	6.32075e-05
888	6.28931e-05
889	6.25867e-05
890	6.22754e-05
891	6.1972e-05
892	6.16638e-05
893	6.13634e-05
894	6.10582e-05
895	6.07607e-05
896	6.04585e-05
897	6.01639e-05
898	5.98648e-05
899	5.9573e-05
900	5.92768e-05
901	5.89879e-05
902	5.86946e-05
903	5.84086e-05
904	5.81182e-05
905	5.78349e-05
906	5.75474e-05
907	5.72669e-05
908	5.69822e-05
909	5.67044e-05
910	5.64226e-05
911	5.61475e-05
912	5.58685e-05
913	5.5596e-05
914	5.53198e-05
915	5.505e-05
916	5.47765e-05
917	5.45093e-05
918	5.42385e-05
919	5.39739e-05
920	5.37058e-05
921	5.34438e-05
922	5.31784e-05
923	5.29189e-05
924	5.26561e-05
925	5.23992e-05
