1	0
2	0.0443819
3	0.0238046
4	0.020215
5	0.0107252
6	0.00982881
7	0.0133836
8	0.0116062
9	0.00954223
10	0.0078436
11	0.00728345
12	0.00659714
13	0.0038331
14	0.00333786
15	0.00287073
16	0.00251583
17	0.0022359
18	0.0019889
19	0.0017833
20	0.00160635
21	0.00146257
22	0.00134004
23	0.00123734
24	0.00114911
25	0.00107563
26	0.00101284
27	0.000958159
28	0.000906403
29	0.000856305
30	0.000806652
31	0.000487761
32	0.000438911
33	0.000402098
34	0.000372991
35	0.000348188
36	0.000325358
37	0.000304322
38	0.000284824
39	0.00026695
40	0.000250491
41	0.000235353
42	0.00022137
43	0.000208468
44	0.000196527
45	0.000185392
46	0.000174928
47	0.000165006
48	0.000155577
49	0.000146638
50	0.000138196
51	0.00013027
52	0.000122189
53	0.000116699
54	0.000109328
55	0.000104359
56	9.74687e-05
57	9.34021e-05
58	8.72457e-05
59	8.39017e-05
60	7.84326e-05
61	7.51522e-05
62	7.13632e-05
63	6.81094e-05
64	6.45285e-05
65	6.1536e-05
66	5.84251e-05
67	5.5794e-05
68	5.3124e-05
69	5.08354e-05
70	4.85203e-05
71	4.65307e-05
72	4.44838e-05
73	4.27239e-05
74	4.09274e-05
75	3.93903e-05
76	3.78187e-05
77	3.64929e-05
78	3.5092e-05
79	3.39792e-05
80	3.2764e-05
81	3.18188e-05
82	3.06959e-05
83	2.99272e-05
84	2.89124e-05
85	2.83232e-05
86	2.72815e-05
87	2.68676e-05
88	2.57296e-05
89	2.56932e-05
90	2.43806e-05
91	2.45794e-05
92	2.31626e-05
93	2.35864e-05
94	2.19941e-05
95	2.26899e-05
96	2.08829e-05
97	2.19143e-05
98	1.9789e-05
99	2.12511e-05
100	1.87075e-05
101	2.07012e-05
102	1.76225e-05
103	2.01295e-05
104	1.67222e-05
105	2.0107e-05
106	1.54517e-05
107	2.0012e-05
108	1.46101e-05
109	1.98572e-05
110	1.42013e-05
111	2.02515e-05
112	2.22163e-05
113	2.14225e-05
114	2.32803e-05
115	2.28343e-05
116	2.52294e-05
117	2.43642e-05
118	2.78482e-05
119	4.0229e-05
120	3.05322e-05
121	4.32814e-05
122	3.36091e-05
123	4.65522e-05
124	3.73708e-05
125	5.04092e-05
126	6.5513e-05
127	5.30359e-05
128	7.23471e-05
129	5.55901e-05
130	7.87959e-05
131	5.859e-05
132	8.56025e-05
133	9.57892e-05
134	8.70595e-05
135	9.94103e-05
136	8.94038e-05
137	0.000101802
138	9.20983e-05
139	0.000103845
140	9.48811e-05
141	0.000105846
142	9.76382e-05
143	0.000107907
144	0.000100359
145	0.000110086
146	0.000103072
147	0.000112349
148	0.000105803
149	0.000114671
150	0.000108582
151	0.000117063
152	0.000111414
153	0.000119535
154	0.000113226
155	0.000119922
156	0.000114697
157	0.000120954
158	0.000116125
159	0.000122084
160	0.000117527
161	0.000123206
162	0.000118925
163	0.000124336
164	0.000120322
165	0.000125481
166	0.000121721
167	0.000126647
168	0.000123127
169	0.000127836
170	0.000124545
171	0.00012905
172	0.000125976
173	0.000130289
174	0.000127427
175	0.000131553
176	0.000128893
177	0.000132844
178	0.000130375
179	0.000134161
180	0.000131878
181	0.000135506
182	0.000133399
183	0.00013688
184	0.000134938
185	0.000138282
186	0.000136498
187	0.000139715
188	0.000138087
189	0.00014118
190	0.0001397
191	0.000142676
192	0.000141334
193	0.0001442
194	0.000142989
195	0.00014575
196	0.000144666
197	0.000147328
198	0.000146364
199	0.000148933
200	0.000146089
201	0.000146938
202	0.000145009
203	0.000145578
204	0.000143701
205	0.000144269
206	0.000142384
207	0.000142893
208	0.000141075
209	0.000141502
210	0.000139767
211	0.000140109
212	0.00013845
213	0.000138724
214	0.000137127
215	0.000137348
216	0.000135806
217	0.00013598
218	0.000134492
219	0.00013462
220	0.000133186
221	0.000133271
222	0.00013189
223	0.000131933
224	0.000130603
225	0.000130608
226	0.000129327
227	0.000129296
228	0.000128062
229	0.000127997
230	0.000126808
231	0.000126712
232	0.000125565
233	0.000125441
234	0.000124334
235	0.000124184
236	0.000123114
237	0.00012294
238	0.000121906
239	0.000121711
240	0.00012071
241	0.000120495
242	0.000119526
243	0.000119293
244	0.000118353
245	0.000118105
246	0.000117192
247	0.000116929
248	0.000116042
249	0.000115766
250	0.000114903
251	0.000114616
252	0.000113776
253	0.000113478
254	0.000112659
255	0.000112353
256	0.000111554
257	0.00011124
258	0.000110459
259	0.000110139
260	0.000109375
261	0.00010905
262	0.000108302
263	0.000107972
264	0.000107239
265	0.000106906
266	0.000106187
267	0.000105852
268	0.000105145
269	0.000104808
270	0.000104113
271	0.000103775
272	0.000103092
273	0.000102752
274	0.00010208
275	0.00010174
276	0.000101079
277	0.000100738
278	0.000100087
279	9.97454e-05
280	9.91048e-05
281	9.87632e-05
282	9.81324e-05
283	9.77909e-05
284	9.71695e-05
285	9.68283e-05
286	9.62161e-05
287	9.58752e-05
288	9.5272e-05
289	9.49317e-05
290	9.43372e-05
291	9.39976e-05
292	9.34115e-05
293	9.30728e-05
294	9.24949e-05
295	9.21572e-05
296	9.15873e-05
297	9.12506e-05
298	9.06886e-05
299	9.03531e-05
300	8.97987e-05
301	8.94644e-05
302	8.89175e-05
303	8.85846e-05
304	8.8045e-05
305	8.77134e-05
306	8.7181e-05
307	8.68509e-05
308	8.63255e-05
309	8.59969e-05
310	8.54783e-05
311	8.51514e-05
312	8.46395e-05
313	8.43142e-05
314	8.38088e-05
315	8.34853e-05
316	8.29864e-05
317	8.26645e-05
318	8.21719e-05
319	8.18519e-05
320	8.13655e-05
321	8.10473e-05
322	8.0567e-05
323	8.02506e-05
324	7.97763e-05
325	7.94619e-05
326	7.89933e-05
327	7.86809e-05
328	7.8218e-05
329	7.79076e-05
330	7.74504e-05
331	7.71419e-05
332	7.66902e-05
333	7.63837e-05
334	7.59375e-05
335	7.56331e-05
336	7.51922e-05
337	7.48898e-05
338	7.44542e-05
339	7.41539e-05
340	7.37234e-05
341	7.34252e-05
342	7.29998e-05
343	7.27036e-05
344	7.22832e-05
345	7.19892e-05
346	7.15737e-05
347	7.12818e-05
348	7.08712e-05
349	7.05814e-05
350	7.01755e-05
351	6.98878e-05
352	6.94867e-05
353	6.92011e-05
354	6.88046e-05
355	6.85211e-05
356	6.81292e-05
357	6.78478e-05
358	6.74605e-05
359	6.71812e-05
360	6.67983e-05
361	6.65211e-05
362	6.61426e-05
363	6.58675e-05
364	6.54933e-05
365	6.52203e-05
366	6.48504e-05
367	6.45795e-05
368	6.42138e-05
369	6.39449e-05
370	6.35834e-05
371	6.33167e-05
372	6.29592e-05
373	6.26946e-05
374	6.23411e-05
375	6.20786e-05
376	6.17292e-05
377	6.14686e-05
378	6.11232e-05
379	6.08647e-05
380	6.05231e-05
381	6.02667e-05
382	5.99289e-05
383	5.96746e-05
384	5.93406e-05
385	5.90883e-05
386	5.87581e-05
387	5.85078e-05
388	5.81812e-05
389	5.7933e-05
390	5.761e-05
391	5.73638e-05
392	5.70444e-05
393	5.68002e-05
394	5.64844e-05
395	5.62422e-05
396	5.59299e-05
397	5.56896e-05
398	5.53808e-05
399	5.51425e-05
400	5.48371e-05
401	5.46007e-05
402	5.42987e-05
403	5.40643e-05
404	5.37656e-05
405	5.35332e-05
406	5.32377e-05
407	5.30072e-05
408	5.2715e-05
409	5.24865e-05
410	5.21975e-05
411	5.19709e-05
412	5.1685e-05
413	5.14603e-05
414	5.11776e-05
415	5.09547e-05
416	5.06751e-05
417	5.04541e-05
418	5.01776e-05
419	4.99585e-05
420	4.96849e-05
421	4.94677e-05
422	4.91971e-05
423	4.89817e-05
424	4.87141e-05
425	4.85005e-05
426	4.82358e-05
427	4.8024e-05
428	4.77622e-05
429	4.75523e-05
430	4.72932e-05
431	4.70851e-05
432	4.68289e-05
433	4.66226e-05
434	4.63691e-05
435	4.61645e-05
436	4.59138e-05
437	4.5711e-05
438	4.5463e-05
439	4.5262e-05
440	4.50167e-05
441	4.48173e-05
442	4.45746e-05
443	4.43771e-05
444	4.4137e-05
445	4.39411e-05
446	4.37036e-05
447	4.35095e-05
448	4.32745e-05
449	4.3082e-05
450	4.28496e-05
451	4.26588e-05
452	4.24289e-05
453	4.22397e-05
454	4.20123e-05
455	4.18248e-05
456	4.15998e-05
457	4.14139e-05
458	4.11913e-05
459	4.10071e-05
460	4.07869e-05
461	4.06043e-05
462	4.03864e-05
463	4.02054e-05
464	3.99898e-05
465	3.98104e-05
466	3.95972e-05
467	3.94194e-05
468	3.92084e-05
469	3.90321e-05
470	3.88234e-05
471	3.86487e-05
472	3.84422e-05
473	3.8269e-05
474	3.80647e-05
475	3.78931e-05
476	3.76909e-05
477	3.75209e-05
478	3.73208e-05
479	3.71523e-05
480	3.69544e-05
481	3.67873e-05
482	3.65915e-05
483	3.6426e-05
484	3.62322e-05
485	3.60682e-05
486	3.58765e-05
487	3.57139e-05
488	3.55242e-05
489	3.5363e-05
490	3.51754e-05
491	3.50157e-05
492	3.483e-05
493	3.46717e-05
494	3.4488e-05
495	3.43311e-05
496	3.41493e-05
497	3.39939e-05
498	3.3814e-05
499	3.36599e-05
500	3.34819e-05
501	3.33293e-05
502	3.31532e-05
503	3.30019e-05
504	3.28276e-05
505	3.26777e-05
506	3.25053e-05
507	3.23567e-05
508	3.21861e-05
509	3.20389e-05
510	3.18701e-05
511	3.17242e-05
512	3.15571e-05
513	3.14125e-05
514	3.12472e-05
515	3.1104e-05
516	3.09404e-05
517	3.07984e-05
518	3.06366e-05
519	3.04959e-05
520	3.03357e-05
521	3.01964e-05
522	3.00379e-05
523	2.98997e-05
524	2.97429e-05
525	2.9606e-05
526	2.94508e-05
527	2.93152e-05
528	2.91616e-05
529	2.90273e-05
530	2.88753e-05
531	2.87421e-05
532	2.85917e-05
533	2.84598e-05
534	2.8311e-05
535	2.81803e-05
536	2.8033e-05
537	2.79034e-05
538	2.77577e-05
539	2.76294e-05
540	2.74851e-05
541	2.7358e-05
542	2.72152e-05
543	2.70892e-05
544	2.6948e-05
545	2.68231e-05
546	2.6136e-05
547	2.563e-05
548	2.5162e-05
549	2.46173e-05
550	2.41548e-05
551	2.36515e-05
552	2.31819e-05
553	2.27102e-05
554	2.22504e-05
555	2.17962e-05
556	2.13554e-05
557	2.09146e-05
558	2.0493e-05
559	2.0067e-05
560	1.9662e-05
561	1.92527e-05
562	1.88623e-05
563	1.84704e-05
564	1.8094e-05
565	1.77189e-05
566	1.73562e-05
567	1.6997e-05
568	1.66481e-05
569	1.58012e-05
570	1.51698e-05
571	1.45631e-05
572	1.39166e-05
573	1.33672e-05
574	1.27796e-05
575	1.22594e-05
576	1.17299e-05
577	1.12428e-05
578	1.07599e-05
579	1.03105e-05
580	9.8663e-06
581	9.45481e-06
582	9.04524e-06
583	8.66887e-06
584	8.29179e-06
585	7.94705e-06
586	7.60078e-06
587	7.28445e-06
588	6.96713e-06
589	6.67654e-06
590	6.38607e-06
591	6.11905e-06
592	5.85324e-06
593	5.60797e-06
594	5.36467e-06
595	5.13948e-06
596	4.91673e-06
597	4.71008e-06
598	4.5061e-06
599	4.31652e-06
600	4.12969e-06
601	3.95581e-06
602	3.78468e-06
603	3.62523e-06
604	3.46847e-06
605	3.32225e-06
606	3.02817e-06
607	2.82956e-06
608	2.62252e-06
609	2.43058e-06
610	2.25925e-06
611	2.0913e-06
612	1.94353e-06
613	1.79956e-06
614	1.67153e-06
615	1.54811e-06
616	1.43748e-06
617	1.33147e-06
618	1.23616e-06
619	1.14493e-06
620	1.063e-06
621	9.84395e-07
622	9.14059e-07
623	8.46289e-07
624	7.85955e-07
625	7.2751e-07
626	6.75786e-07
627	9.82413e-07
628	7.85047e-07
629	7.12091e-07
630	5.93228e-07
631	8.90096e-07
632	6.03094e-07
633	5.33328e-07
634	3.72816e-07
635	3.18939e-07
636	2.30589e-07
637	1.90518e-07
638	1.42397e-07
639	8.51696e-07
640	5.09407e-07
641	3.81755e-07
642	2.24285e-07
643	1.46798e-07
644	8.59389e-08
645	5.96022e-08
646	4.29635e-08
647	3.32922e-08
648	2.65367e-08
649	2.26686e-08
650	1.95204e-08
651	1.78082e-08
652	1.62649e-08
653	1.53133e-08
654	1.45502e-08
655	2.63626e-08
656	1.69517e-08
657	1.50609e-08
658	1.41337e-08
659	1.34192e-08
660	1.29721e-08
661	1.25516e-08
662	1.22405e-08
663	1.19571e-08
664	1.17057e-08
665	1.14783e-08
666	1.12622e-08
667	1.10571e-08
668	1.08656e-08
669	1.06788e-08
670	1.05023e-08
671	1.03283e-08
672	1.01599e-08
673	9.99422e-09
674	9.8342e-09
675	9.67623e-09
676	9.5233e-09
677	9.37282e-09
678	9.22607e-09
679	9.08196e-09
680	8.94122e-09
681	8.80317e-09
682	8.66766e-09
683	8.53484e-09
684	8.40502e-09
685	8.27749e-09
686	8.15203e-09
687	8.02898e-09
688	7.90855e-09
689	7.79087e-09
690	7.67525e-09
691	7.56155e-09
692	7.44977e-09
693	7.34016e-09
694	7.23273e-09
695	7.12713e-09
696	7.0235e-09
697	6.92173e-09
698	6.82164e-09
699	6.7234e-09
700	6.62711e-09
701	6.53256e-09
702	6.43959e-09
703	6.34822e-09
704	6.2589e-09
705	6.17144e-09
706	6.08566e-09
707	6.0014e-09
708	5.91854e-09
709	5.83709e-09
710	5.7573e-09
711	5.67904e-09
712	5.60209e-09
713	5.52664e-09
714	5.45252e-09
715	5.37965e-09
716	5.30808e-09
717	5.23787e-09
718	5.1689e-09
719	5.1013e-09
720	5.03507e-09
721	4.97018e-09
722	4.90648e-09
723	4.84384e-09
724	4.78221e-09
725	4.72155e-09
726	4.66192e-09
727	4.60342e-09
728	4.54597e-09
729	4.48958e-09
730	4.43434e-09
731	4.38007e-09
732	4.32677e-09
733	1.92865e-08
734	1.36809e-08
735	1.25472e-08
736	1.20769e-08
737	1.16947e-08
738	1.14273e-08
739	1.11861e-08
740	1.09636e-08
741	1.07516e-08
742	1.05486e-08
743	1.03542e-08
744	1.01659e-08
745	9.98409e-09
746	9.80726e-09
747	9.63601e-09
748	9.46914e-09
749	9.30643e-09
750	9.1481e-09
751	8.99376e-09
752	8.84356e-09
753	8.69683e-09
754	8.55383e-09
755	8.41422e-09
756	8.27767e-09
757	8.1443e-09
758	8.01403e-09
759	7.88678e-09
760	7.76247e-09
761	7.64073e-09
762	7.52177e-09
763	7.40524e-09
764	7.2916e-09
765	7.18026e-09
766	7.07112e-09
767	6.96441e-09
768	6.86003e-09
769	6.75795e-09
770	6.65814e-09
771	6.56049e-09
772	6.46476e-09
773	6.37095e-09
774	6.2789e-09
775	6.18866e-09
776	6.10012e-09
777	6.01355e-09
778	5.92856e-09
779	5.84514e-09
780	5.76338e-09
781	5.68304e-09
782	5.60414e-09
783	5.52704e-09
784	5.45126e-09
785	5.37676e-09
786	4.06606e-08
787	2.0926e-08
788	1.80864e-08
789	1.73618e-08
790	1.69983e-08
791	1.67379e-08
792	1.65091e-08
793	1.62716e-08
794	1.60274e-08
795	1.57774e-08
796	1.55262e-08
797	1.52754e-08
798	1.50267e-08
799	1.47805e-08
800	1.45375e-08
801	1.42991e-08
802	1.40645e-08
803	1.38346e-08
804	1.36098e-08
805	3.19322e-08
806	1.41111e-08
807	1.14714e-08
808	1.06842e-08
809	1.02213e-08
810	9.92835e-09
811	9.66752e-09
812	9.43381e-09
813	9.203e-09
814	8.97662e-09
815	8.75449e-09
816	8.53707e-09
817	8.3265e-09
818	8.12234e-09
819	7.92521e-09
820	7.73427e-09
821	7.54953e-09
822	7.3705e-09
823	7.19716e-09
824	7.02961e-09
825	6.86766e-09
826	6.7109e-09
827	6.55893e-09
828	6.41125e-09
829	6.26861e-09
830	6.13076e-09
831	5.99747e-09
832	5.86814e-09
833	5.743e-09
834	5.62192e-09
835	5.50452e-09
836	5.39089e-09
837	5.28062e-09
838	5.17402e-09
839	5.0707e-09
840	4.97045e-09
841	4.87296e-09
842	4.77816e-09
843	4.6861e-09
844	4.59711e-09
845	4.51052e-09
846	4.42634e-09
847	4.34455e-09
848	3.6062e-08
849	1.77109e-08
850	1.47382e-08
851	1.39428e-08
852	1.34887e-08
853	1.31249e-08
854	1.28061e-08
855	1.24997e-08
856	1.21972e-08
857	1.18971e-08
858	1.16038e-08
859	1.13161e-08
860	1.10354e-08
861	1.07608e-08
862	1.04948e-08
863	1.02377e-08
864	9.98947e-09
865	9.74905e-09
866	9.51592e-09
867	9.29044e-09
868	9.07178e-09
869	8.86003e-09
870	8.65471e-09
871	8.45666e-09
872	8.26543e-09
873	2.99677e-08
874	1.35552e-08
875	1.08803e-08
876	1.00978e-08
877	9.64303e-09
878	9.33231e-09
879	9.05552e-09
880	8.81097e-09
881	8.57307e-09
882	8.33848e-09
883	8.10999e-09
884	7.88488e-09
885	7.66805e-09
886	7.45887e-09
887	7.25722e-09
888	7.06039e-09
889	6.86963e-09
890	6.68563e-09
891	6.50885e-09
892	6.3381e-09
893	6.1739e-09
894	6.01483e-09
895	5.86081e-09
896	5.71222e-09
897	5.56821e-09
898	5.42935e-09
899	5.29609e-09
900	5.1674e-09
901	5.04318e-09
902	4.92264e-09
903	4.80558e-09
904	4.6924e-09
905	4.58289e-09
906	4.47786e-09
907	4.37592e-09
908	4.27697e-09
909	4.18117e-09
910	4.08815e-09
911	3.99821e-09
912	3.91133e-09
913	3.82713e-09
914	3.74544e-09
915	3.66614e-09
916	3.58938e-09
917	3.51502e-09
918	3.44291e-09
919	3.37278e-09
920	3.30459e-09
921	3.23842e-09
922	3.17434e-09
923	3.77887e-08
924	1.84654e-08
925	1.55684e-08
926	1.47599e-08
927	1.424e-08
928	1.38567e-08
929	1.35086e-08
930	1.3173e-08
931	1.28378e-08
932	1.25089e-08
933	1.21833e-08
934	1.18656e-08
935	1.1556e-08
936	1.12551e-08
937	1.09636e-08
938	1.06826e-08
939	1.04101e-08
940	1.01465e-08
941	9.88989e-09
942	9.64223e-09
943	9.40455e-09
944	9.17626e-09
945	8.95461e-09
946	8.7393e-09
947	8.53183e-09
948	3.3073e-08
949	1.43331e-08
950	1.09615e-08
951	9.97565e-09
952	9.49007e-09
953	9.14496e-09
954	8.85622e-09
955	8.60878e-09
956	8.36618e-09
957	8.13158e-09
958	7.90074e-09
959	7.67512e-09
960	7.45396e-09
961	7.24098e-09
962	7.03626e-09
963	6.83967e-09
964	6.64987e-09
965	6.46658e-09
966	6.28899e-09
967	6.11771e-09
968	5.95258e-09
969	5.79427e-09
970	5.64214e-09
971	5.49582e-09
972	5.35451e-09
973	5.21833e-09
974	5.0868e-09
975	4.95959e-09
976	4.83695e-09
977	4.71874e-09
978	4.60512e-09
979	4.49625e-09
980	4.39091e-09
981	4.28893e-09
982	4.19005e-09
983	4.09431e-09
984	4.00171e-09
985	3.91216e-09
986	3.82522e-09
987	3.74151e-09
988	3.66132e-09
989	3.58378e-09
990	3.50876e-09
991	3.4359e-09
992	3.36503e-09
993	3.29613e-09
994	3.59296e-08
995	1.70586e-08
996	1.40444e-08
997	1.3203e-08
998	1.26935e-08
999	1.23136e-08
1000	1.19826e-08
