1	0
2	0.699861
3	0.537914
4	0.47518
5	0.486864
6	0.466041
7	0.439914
8	0.40393
9	0.424485
10	0.392299
11	0.391411
12	0.343276
13	0.303109
14	0.316068
15	0.309119
16	0.30293
17	0.272467
18	0.288599
19	0.300499
20	0.272607
21	0.271519
22	0.245823
23	0.238223
24	0.243286
25	0.224374
26	0.252199
27	0.21869
28	0.215239
29	0.228857
30	0.235423
31	0.214074
32	0.230921
33	0.211662
34	0.211142
35	0.21767
36	0.218025
37	0.209128
38	0.203765
39	0.19561
40	0.185631
41	0.178084
42	0.207085
43	0.20257
44	0.21813
45	0.202389
46	0.193908
47	0.207879
48	0.208575
49	0.183741
50	0.186522
51	0.211722
52	0.173487
53	0.174184
54	0.172368
55	0.187525
56	0.188585
57	0.193479
58	0.172757
59	0.186252
60	0.197486
61	0.205698
62	0.168956
63	0.193505
64	0.175757
65	0.195229
66	0.185227
67	0.204413
68	0.187172
69	0.193886
70	0.179282
71	0.182227
72	0.178355
73	0.190901
74	0.165414
75	0.164962
76	0.149054
77	0.166477
78	0.178323
79	0.173617
80	0.158632
81	0.154896
82	0.182155
83	0.172751
84	0.164389
85	0.168031
86	0.165591
87	0.166207
88	0.173631
89	0.175799
90	0.162668
91	0.161298
92	0.158947
93	0.183793
94	0.195369
95	0.171179
96	0.184088
97	0.1774
98	0.186488
99	0.173134
100	0.164143
101	0.170873
102	0.168821
103	0.17967
104	0.179007
105	0.173139
106	0.168635
107	0.170692
108	0.169197
109	0.142933
110	0.163964
111	0.17608
112	0.164366
113	0.168251
114	0.177523
115	0.158126
116	0.177588
117	0.154878
118	0.168589
119	0.155749
120	0.166085
121	0.199202
122	0.186938
123	0.183578
124	0.162786
125	0.163483
126	0.176049
127	0.172253
128	0.173089
129	0.164669
130	0.170058
131	0.182195
132	0.194244
133	0.170148
134	0.187828
135	0.181498
136	0.164844
137	0.151685
138	0.167616
139	0.16015
140	0.162927
141	0.172559
142	0.156812
143	0.165327
144	0.140262
145	0.171699
146	0.152709
147	0.177522
148	0.168223
149	0.174502
150	0.17172
151	0.157071
152	0.162856
153	0.160304
154	0.181274
155	0.166724
156	0.170087
157	0.171791
158	0.17469
159	0.164257
160	0.161992
161	0.143144
162	0.152617
163	0.199994
164	0.175931
165	0.185242
166	0.177814
167	0.183271
168	0.176649
169	0.190911
170	0.189709
171	0.175715
172	0.172117
173	0.164762
174	0.166639
175	0.174709
176	0.185493
177	0.160813
178	0.149832
179	0.177117
180	0.180871
181	0.159419
182	0.16195
183	0.187908
184	0.169269
185	0.175258
186	0.18127
187	0.197064
188	0.161049
189	0.170621
190	0.17387
191	0.165265
192	0.16725
193	0.17809
194	0.177063
195	0.178855
196	0.183475
197	0.17979
198	0.188499
199	0.187712
200	0.182479
201	0.169809
202	0.178793
203	0.171056
204	0.186385
205	0.1926
206	0.164372
207	0.168238
208	0.163961
209	0.1589
210	0.158205
211	0.16581
212	0.170325
213	0.178738
214	0.186538
215	0.172587
216	0.178746
217	0.175092
218	0.166945
219	0.167442
220	0.184074
221	0.180294
222	0.173128
223	0.184387
224	0.186745
225	0.162287
226	0.175349
227	0.161035
228	0.163372
229	0.173141
230	0.140164
231	0.163957
232	0.18885
233	0.191133
234	0.17129
235	0.187697
236	0.181553
237	0.176612
238	0.155994
239	0.151505
240	0.173077
241	0.168402
242	0.146129
243	0.161582
244	0.181925
245	0.175264
246	0.167589
247	0.180804
248	0.172651
249	0.167915
250	0.141498
251	0.163538
252	0.158203
253	0.164146
254	0.192116
255	0.178804
256	0.181799
257	0.180592
258	0.183802
259	0.185985
260	0.175278
261	0.180651
262	0.163873
263	0.178173
264	0.17509
265	0.149382
266	0.173042
267	0.164643
268	0.173012
269	0.171654
270	0.159225
271	0.159141
272	0.16722
273	0.180491
274	0.171128
275	0.189838
276	0.176268
277	0.163496
278	0.163676
279	0.174785
280	0.194528
281	0.185982
282	0.164688
283	0.170903
284	0.176964
285	0.173152
286	0.172089
287	0.170184
288	0.149176
289	0.147423
290	0.171633
291	0.164225
292	0.165176
293	0.166041
294	0.167479
295	0.172181
296	0.165125
297	0.18746
298	0.172584
299	0.161768
300	0.174059
301	0.164928
302	0.170972
303	0.165747
304	0.161615
305	0.168587
306	0.154253
307	0.169271
308	0.183285
309	0.174152
310	0.158485
311	0.184977
312	0.17121
313	0.176579
314	0.191688
315	0.178509
316	0.164499
317	0.160566
318	0.184372
319	0.152318
320	0.166902
321	0.176322
322	0.168914
323	0.177431
324	0.182171
325	0.176482
326	0.154215
327	0.18303
328	0.19493
329	0.160199
330	0.156171
331	0.175727
332	0.192535
333	0.168407
334	0.171408
335	0.164022
336	0.179095
337	0.169983
338	0.168414
339	0.172304
340	0.168081
341	0.142976
342	0.163539
343	0.178383
344	0.167113
345	0.171379
346	0.170626
347	0.187407
348	0.184379
349	0.175713
350	0.14938
351	0.173692
352	0.177585
353	0.154531
354	0.15758
355	0.160817
356	0.163286
357	0.166202
358	0.163125
359	0.151482
360	0.151165
361	0.167073
362	0.182102
363	0.174963
364	0.169563
365	0.152437
366	0.153509
367	0.181308
368	0.188074
369	0.162216
370	0.17944
371	0.166909
372	0.1758
373	0.180131
374	0.184345
375	0.187278
376	0.189356
377	0.169996
378	0.151154
379	0.167432
380	0.160018
381	0.159066
382	0.166162
383	0.176579
384	0.160596
385	0.173752
386	0.17647
387	0.174897
388	0.174222
389	0.164798
390	0.184426
391	0.181312
392	0.183097
393	0.158641
394	0.155167
395	0.162348
396	0.171643
397	0.181584
398	0.186702
399	0.178024
400	0.159331
401	0.189335
402	0.167598
403	0.165626
404	0.181034
405	0.193044
406	0.162594
407	0.174023
408	0.187661
409	0.177926
410	0.156831
411	0.145292
412	0.17816
413	0.154353
414	0.153369
415	0.164687
416	0.167574
417	0.172985
418	0.18978
419	0.176677
420	0.170783
421	0.146618
422	0.154882
423	0.168095
424	0.160033
425	0.154489
426	0.18708
427	0.179032
428	0.174772
429	0.163404
430	0.175213
431	0.17683
432	0.161613
433	0.163884
434	0.165674
435	0.164551
436	0.16735
437	0.159709
438	0.162782
439	0.16764
440	0.187781
441	0.172668
442	0.159073
443	0.179395
444	0.165101
445	0.166533
446	0.183802
447	0.159373
448	0.174087
449	0.188576
450	0.165422
451	0.163576
452	0.18585
453	0.174844
454	0.170842
455	0.166794
456	0.181998
457	0.179866
458	0.183715
459	0.17675
460	0.159739
461	0.164218
462	0.180237
463	0.159219
464	0.171964
465	0.174615
466	0.167412
467	0.166958
468	0.171248
469	0.160941
470	0.162909
471	0.153884
472	0.165716
473	0.165175
474	0.162935
475	0.183233
476	0.199141
477	0.175086
478	0.170482
479	0.1698
480	0.176618
481	0.180902
482	0.18789
483	0.166239
484	0.160704
485	0.17934
486	0.172743
487	0.180037
488	0.161761
489	0.170599
490	0.17714
491	0.181767
492	0.168377
493	0.17925
494	0.171483
495	0.169342
496	0.159559
497	0.156165
498	0.153361
499	0.167209
500	0.177112
501	0.162637
502	0.159354
503	0.146366
504	0.173568
505	0.174479
506	0.168134
507	0.176029
508	0.187263
509	0.179702
510	0.15081
511	0.150616
512	0.187108
513	0.174001
514	0.164839
515	0.164311
516	0.165465
517	0.180153
518	0.172851
519	0.185696
520	0.171006
521	0.183983
522	0.165555
523	0.175317
524	0.175926
525	0.159896
526	0.152403
527	0.145925
528	0.167114
529	0.167078
530	0.166657
531	0.175686
532	0.17251
533	0.173916
534	0.167961
535	0.17101
536	0.167844
537	0.157659
538	0.167326
539	0.158487
540	0.162834
541	0.175418
542	0.18426
543	0.165622
544	0.179129
545	0.158943
546	0.158924
547	0.147738
548	0.168871
549	0.149354
550	0.171391
551	0.172916
552	0.173836
553	0.168404
554	0.153352
555	0.183112
556	0.1612
557	0.159219
558	0.148071
559	0.163538
560	0.162577
561	0.194656
562	0.168043
563	0.167385
564	0.162319
565	0.16319
566	0.16991
567	0.152673
568	0.166104
569	0.17836
570	0.188793
571	0.140587
572	0.144226
573	0.167981
574	0.162831
575	0.152978
576	0.175227
577	0.162688
578	0.154855
579	0.164517
580	0.171493
581	0.191819
582	0.177482
583	0.173983
584	0.182841
585	0.165556
586	0.175082
587	0.16697
588	0.172979
589	0.17432
590	0.168922
591	0.15863
592	0.162308
593	0.179313
594	0.163449
595	0.173596
596	0.169583
597	0.171376
598	0.168184
599	0.178546
600	0.143859
601	0.149393
602	0.16179
603	0.168737
604	0.169847
605	0.180583
606	0.167409
607	0.17541
608	0.160744
609	0.158884
610	0.155483
611	0.177293
612	0.183132
613	0.16487
614	0.177911
615	0.172278
616	0.167495
617	0.18911
618	0.174987
619	0.146263
620	0.183917
621	0.143104
622	0.162537
623	0.146111
624	0.164932
625	0.162294
626	0.17884
627	0.182749
628	0.174412
629	0.140389
630	0.158676
631	0.192071
632	0.199641
633	0.183114
634	0.170269
635	0.167525
636	0.174001
637	0.181329
638	0.171017
639	0.162054
640	0.155879
641	0.165786
642	0.159556
643	0.169499
644	0.171905
645	0.0170261
646	0.00495428
647	0.00370218
648	0.0032077
649	0.00285847
650	0.00268031
651	0.00243907
652	0.0022425
653	0.00214312
654	0.00200881
655	0.170149
656	0.0170918
657	0.00503962
658	0.00345328
659	0.00294428
660	0.0025514
661	0.00225243
662	0.0021527
663	0.00196063
664	0.00186165
665	0.00177863
666	0.00168327
667	0.00160899
668	0.00158909
669	0.00154777
670	0.0015581
671	0.00148877
672	0.00152931
673	0.00152618
674	0.00139936
675	0.00136122
676	0.00145191
677	0.00136849
678	0.00141499
679	0.00144049
680	0.00144836
681	0.00142096
682	0.00149413
683	0.00139699
684	0.00138873
685	0.00137816
686	0.0013666
687	0.00137338
688	0.00136548
689	0.00130926
690	0.00136583
691	0.00135183
692	0.00136482
693	0.00130619
694	0.00135293
695	0.00137481
696	0.00130734
697	0.0013948
698	0.0013963
699	0.001371
700	0.00140518
701	0.00136467
702	0.00135199
703	0.0013991
704	0.00134834
705	0.00140816
706	0.00135949
707	0.00132635
708	0.00138836
709	0.00134296
710	0.00143793
711	0.00137693
712	0.00134606
713	0.00132197
714	0.00137441
715	0.00139029
716	0.00140662
717	0.00125568
718	0.0012898
719	0.00135317
720	0.00132153
721	0.00137717
722	0.00136003
723	0.00132206
724	0.00143669
725	0.00143357
726	0.00137834
727	0.00140292
728	0.00147575
729	0.0014218
730	0.00137915
731	0.00138149
732	0.00137713
733	0.169506
734	0.0171577
735	0.00555339
736	0.00419922
737	0.00358469
738	0.00308909
739	0.00279945
740	0.00251389
741	0.00234406
742	0.00214352
743	0.00198323
744	0.00189815
745	0.00181935
746	0.0016548
747	0.00166657
748	0.00160451
749	0.00160528
750	0.00148179
751	0.00146755
752	0.00146166
753	0.00156027
754	0.00146261
755	0.00146006
756	0.00138059
757	0.00138294
758	0.00137485
759	0.0013608
760	0.00139959
761	0.0014269
762	0.0013802
763	0.00138695
764	0.00139648
765	0.00136246
766	0.00132984
767	0.00138326
768	0.00129082
769	0.0013675
770	0.00129095
771	0.00131376
772	0.0013279
773	0.00135772
774	0.0013893
775	0.00138045
776	0.00137147
777	0.00135061
778	0.00135347
779	0.00136684
780	0.00138566
781	0.00131882
782	0.00139051
783	0.00127784
784	0.0012794
785	0.00136973
786	0.182047
787	0.0178749
788	0.00568746
789	0.00427329
790	0.00357323
791	0.00309829
792	0.00267047
793	0.00244089
794	0.00224515
795	0.00211163
796	0.00199375
797	0.00184402
798	0.00182026
799	0.00166907
800	0.00163737
801	0.00158
802	0.00152645
803	0.00149121
804	0.00145772
805	0.160823
806	0.0151248
807	0.00496053
808	0.00360302
809	0.0030949
810	0.00265551
811	0.00246621
812	0.00231393
813	0.0020502
814	0.00202739
815	0.00186388
816	0.00182647
817	0.00177161
818	0.00167515
819	0.00157841
820	0.00164325
821	0.0015705
822	0.00152508
823	0.00142781
824	0.00148247
825	0.00149888
826	0.00143661
827	0.00140717
828	0.0013697
829	0.00145564
830	0.00142754
831	0.00149126
832	0.00134826
833	0.00140404
834	0.0013839
835	0.00136049
836	0.00151998
837	0.00144905
838	0.00141112
839	0.00138611
840	0.00133683
841	0.00139709
842	0.0014241
843	0.00138932
844	0.0013867
845	0.0013563
846	0.00138734
847	0.00141021
848	0.168787
849	0.0170013
850	0.00544385
851	0.00403398
852	0.00337039
853	0.00296138
854	0.00263073
855	0.00238992
856	0.00220403
857	0.00200853
858	0.00185131
859	0.00181708
860	0.0016695
861	0.00170958
862	0.0015662
863	0.00152354
864	0.00147628
865	0.00144159
866	0.00156424
867	0.00150451
868	0.00145125
869	0.00153269
870	0.00137767
871	0.00134068
872	0.00137347
873	0.179655
874	0.0167485
875	0.0052418
876	0.00403032
877	0.0034858
878	0.00310231
879	0.00279068
880	0.00250214
881	0.00234116
882	0.00219395
883	0.00199473
884	0.00191817
885	0.001786
886	0.00176993
887	0.0017237
888	0.00171526
889	0.00158898
890	0.00160943
891	0.00163977
892	0.00156063
893	0.00144628
894	0.00139869
895	0.00142412
896	0.00139581
897	0.00144555
898	0.00143996
899	0.0013555
900	0.00135572
901	0.00149646
902	0.00135696
903	0.00136473
904	0.00134365
905	0.00137646
906	0.00141025
907	0.00139991
908	0.0013069
909	0.00136412
910	0.00137311
911	0.00145465
912	0.00138427
913	0.00146524
914	0.00136594
915	0.0014919
916	0.00150478
917	0.00143364
918	0.00141337
919	0.00136684
920	0.0013945
921	0.00133125
922	0.00139519
923	0.174358
924	0.0176005
925	0.00551327
926	0.00403561
927	0.00339819
928	0.0029885
929	0.00277542
930	0.00246493
931	0.0023613
932	0.00215161
933	0.00198252
934	0.00198314
935	0.0018605
936	0.00175258
937	0.00172229
938	0.00165731
939	0.00163299
940	0.00162997
941	0.00158484
942	0.00154664
943	0.00158334
944	0.00149909
945	0.0014609
946	0.00153449
947	0.00156011
948	0.189451
949	0.0188648
950	0.00594958
951	0.004288
952	0.00355156
953	0.00302168
954	0.00266104
955	0.0024153
956	0.00223902
957	0.00199606
958	0.00189517
959	0.00185411
960	0.00176833
961	0.00165833
962	0.0016555
963	0.00159451
964	0.00156445
965	0.00152692
966	0.00152454
967	0.00144119
968	0.00144069
969	0.00143362
970	0.00147424
971	0.00142662
972	0.00137344
973	0.00144551
974	0.0014259
975	0.00140666
976	0.00140076
977	0.00144437
978	0.00139786
979	0.00137903
980	0.00143435
981	0.00143071
982	0.00134389
983	0.00139016
984	0.00142054
985	0.00140612
986	0.00141522
987	0.00143626
988	0.00139765
989	0.00138345
990	0.00142679
991	0.0013958
992	0.00137155
993	0.00141401
994	0.174904
995	0.0185288
996	0.00600439
997	0.00447218
998	0.00375025
999	0.00322709
1000	0.00282959
