1	0
2	0.0133559
3	0.0141984
4	0.0135876
5	0.0123365
6	0.0113046
7	0.0101025
8	0.00959777
9	0.0094527
10	0.00891298
11	0.00825693
12	0.00764018
13	0.00699284
14	0.00680735
15	0.00667038
16	0.00656723
17	0.00646261
18	0.00604557
19	0.00601123
20	0.00618096
21	0.00574464
22	0.00586467
23	0.00553628
24	0.0051963
25	0.00515002
26	0.00501956
27	0.00546352
28	0.00499036
29	0.00493926
30	0.00488034
31	0.00443265
32	0.00512537
33	0.004682
34	0.00475757
35	0.00480741
36	0.00441382
37	0.00446322
38	0.00481226
39	0.00416135
40	0.00436176
41	0.00417617
42	0.00417612
43	0.00419788
44	0.00425255
45	0.00433266
46	0.00445828
47	0.00433101
48	0.00409556
49	0.00393706
50	0.00411482
51	0.00395472
52	0.00398567
53	0.00396641
54	0.0041074
55	0.00383518
56	0.00397133
57	0.00408659
58	0.00367191
59	0.00398871
60	0.00415262
61	0.00402904
62	0.00398378
63	0.00402889
64	0.00364574
65	0.00402588
66	0.00391713
67	0.00400385
68	0.00377986
69	0.00377037
70	0.00372617
71	0.00376602
72	0.00372723
73	0.00352218
74	0.00327923
75	0.00351635
76	0.00347523
77	0.00319091
78	0.00354088
79	0.00353373
80	0.00324888
81	0.00357846
82	0.00365862
83	0.00350659
84	0.00356495
85	0.00334973
86	0.00347679
87	0.00343648
88	0.00345422
89	0.00336077
90	0.00333947
91	0.00333779
92	0.00350857
93	0.00375252
94	0.00381016
95	0.00353754
96	0.00363959
97	0.00346735
98	0.00348702
99	0.0033428
100	0.00325301
101	0.00325042
102	0.00365405
103	0.00370245
104	0.0036406
105	0.00354794
106	0.0032713
107	0.00347305
108	0.00354874
109	0.003061
110	0.00325131
111	0.00354814
112	0.00372084
113	0.00333482
114	0.00347987
115	0.00332138
116	0.00338774
117	0.00331291
118	0.00323979
119	0.00319928
120	0.00322248
121	0.00368875
122	0.00354928
123	0.00350979
124	0.00310713
125	0.00317433
126	0.00356654
127	0.00350003
128	0.00361743
129	0.00323131
130	0.00315724
131	0.00347631
132	0.00391562
133	0.00350628
134	0.0037066
135	0.00362003
136	0.00339199
137	0.0029896
138	0.00338891
139	0.00343632
140	0.00336081
141	0.00331306
142	0.00296279
143	0.00314903
144	0.00288887
145	0.00331029
146	0.00295784
147	0.00315862
148	0.00336258
149	0.00318636
150	0.00349943
151	0.00327383
152	0.00339924
153	0.00326221
154	0.00338088
155	0.00322464
156	0.00309827
157	0.00313537
158	0.00336499
159	0.00333464
160	0.00336376
161	0.00304587
162	0.00307383
163	0.00371213
164	0.00347662
165	0.00339491
166	0.00339721
167	0.0035201
168	0.00312595
169	0.00354438
170	0.00338087
171	0.00338997
172	0.00335048
173	0.00330141
174	0.00342912
175	0.00329705
176	0.00340797
177	0.00339247
178	0.00306836
179	0.00363713
180	0.00367705
181	0.00316379
182	0.0033094
183	0.00364342
184	0.00332673
185	0.00325894
186	0.00353722
187	0.0037482
188	0.00332226
189	0.00362243
190	0.00313873
191	0.0031798
192	0.0032898
193	0.00345204
194	0.00347218
195	0.00321642
196	0.00338332
197	0.00334113
198	0.00341405
199	0.00361027
200	0.00328567
201	0.0031786
202	0.00332247
203	0.00337146
204	0.00333344
205	0.00327485
206	0.00320792
207	0.0032335
208	0.00335096
209	0.00309958
210	0.00318425
211	0.00314365
212	0.00311732
213	0.00336424
214	0.00363983
215	0.00359949
216	0.00364596
217	0.00359874
218	0.00317597
219	0.00311214
220	0.00352361
221	0.00343895
222	0.00340418
223	0.00352824
224	0.00339446
225	0.00322167
226	0.00324488
227	0.0030887
228	0.0032066
229	0.00352641
230	0.00314824
231	0.00344996
232	0.00353612
233	0.00365436
234	0.0033962
235	0.00341634
236	0.00347645
237	0.00311249
238	0.00311474
239	0.00333111
240	0.00317822
241	0.00319383
242	0.00299282
243	0.00325221
244	0.00363154
245	0.00335867
246	0.00317211
247	0.00350068
248	0.00341419
249	0.00337316
250	0.0029082
251	0.00321371
252	0.0030308
253	0.0032072
254	0.00335932
255	0.00352702
256	0.00347556
257	0.00340606
258	0.00353756
259	0.00347245
260	0.0033205
261	0.00340581
262	0.00319359
263	0.00352359
264	0.00354548
265	0.00281299
266	0.00332841
267	0.00319744
268	0.00346208
269	0.00332984
270	0.00320832
271	0.00303948
272	0.0031759
273	0.00315047
274	0.00327361
275	0.00341707
276	0.003071
277	0.00309105
278	0.00335632
279	0.00347905
280	0.003831
281	0.00317136
282	0.00328493
283	0.00318038
284	0.00322661
285	0.00330056
286	0.00339492
287	0.00329849
288	0.00303424
289	0.00306571
290	0.00315906
291	0.00332135
292	0.00335061
293	0.00308253
294	0.00325924
295	0.0032812
296	0.0031223
297	0.00344578
298	0.00330905
299	0.00309558
300	0.00319589
301	0.0032101
302	0.0031923
303	0.00332561
304	0.00329829
305	0.00347421
306	0.00309736
307	0.00350327
308	0.00352314
309	0.00353384
310	0.0032483
311	0.00340788
312	0.0031471
313	0.00344964
314	0.00362287
315	0.00361631
316	0.00340871
317	0.00339194
318	0.00367333
319	0.00328504
320	0.00324547
321	0.00324757
322	0.00322506
323	0.00356594
324	0.00370888
325	0.00369999
326	0.00309062
327	0.00370844
328	0.00353608
329	0.00305979
330	0.00307439
331	0.00330074
332	0.00348037
333	0.00322984
334	0.00341864
335	0.00322346
336	0.00336545
337	0.0034775
338	0.00344439
339	0.00356241
340	0.00344015
341	0.00307303
342	0.00315439
343	0.00343754
344	0.00339005
345	0.00337828
346	0.00350897
347	0.0033706
348	0.00338404
349	0.00323288
350	0.00308205
351	0.00328442
352	0.00317749
353	0.00297089
354	0.00337082
355	0.00336962
356	0.00316238
357	0.00326969
358	0.00318673
359	0.00304179
360	0.00316225
361	0.00330646
362	0.00350299
363	0.00331543
364	0.00321376
365	0.00321235
366	0.00354942
367	0.00364735
368	0.00344187
369	0.00349413
370	0.00369411
371	0.00347025
372	0.0031961
373	0.00329793
374	0.00345218
375	0.00350922
376	0.00365147
377	0.00328171
378	0.00320016
379	0.00337811
380	0.00298614
381	0.00342143
382	0.00357683
383	0.0034705
384	0.00314197
385	0.00340967
386	0.00341263
387	0.00320194
388	0.00336526
389	0.00352193
390	0.00350855
391	0.00363192
392	0.00322672
393	0.00342196
394	0.00298159
395	0.00317773
396	0.00337928
397	0.00347657
398	0.00338392
399	0.00345285
400	0.00330685
401	0.00359054
402	0.00322571
403	0.00354884
404	0.00340612
405	0.00362883
406	0.00319675
407	0.0032096
408	0.00367962
409	0.00340791
410	0.00337981
411	0.00300161
412	0.00359885
413	0.00306771
414	0.00323728
415	0.00340268
416	0.00337853
417	0.00338938
418	0.00358565
419	0.0034015
420	0.00338584
421	0.00281311
422	0.00301976
423	0.00320394
424	0.00295877
425	0.00343356
426	0.00359142
427	0.00333392
428	0.0033296
429	0.003414
430	0.00362936
431	0.00342631
432	0.00335613
433	0.00352933
434	0.00327994
435	0.00327663
436	0.00324407
437	0.00333653
438	0.00344732
439	0.00338157
440	0.00361458
441	0.00327063
442	0.00304222
443	0.00337608
444	0.00321804
445	0.00310112
446	0.00346928
447	0.00311849
448	0.00348526
449	0.00355305
450	0.00336284
451	0.00351146
452	0.00379158
453	0.00364155
454	0.00324249
455	0.00338067
456	0.00347105
457	0.00341525
458	0.00345725
459	0.00369269
460	0.00308694
461	0.0033999
462	0.00348834
463	0.00333475
464	0.00328179
465	0.00344241
466	0.00321352
467	0.00309794
468	0.00325825
469	0.00319332
470	0.0031622
471	0.00324967
472	0.00342255
473	0.00323555
474	0.00312405
475	0.00334121
476	0.00357284
477	0.00345305
478	0.00324528
479	0.00337514
480	0.00333332
481	0.00335467
482	0.00373338
483	0.00310838
484	0.00323775
485	0.00357453
486	0.00327648
487	0.0033116
488	0.00306725
489	0.0033692
490	0.00348409
491	0.00321706
492	0.00340029
493	0.00345188
494	0.00357739
495	0.00332614
496	0.00297605
497	0.00303032
498	0.00322308
499	0.00340188
500	0.00341745
501	0.00302649
502	0.00319497
503	0.00300212
504	0.0032534
505	0.0035135
506	0.00331277
507	0.00349589
508	0.00368595
509	0.00351835
510	0.00296865
511	0.00313032
512	0.00343477
513	0.00316728
514	0.0031532
515	0.00322065
516	0.00318648
517	0.00327845
518	0.00359784
519	0.00343618
520	0.00334344
521	0.00323299
522	0.00347041
523	0.00355759
524	0.00350327
525	0.00335104
526	0.00321634
527	0.00309925
528	0.0033024
529	0.00325132
530	0.0033445
531	0.00331132
532	0.00339429
533	0.00340452
534	0.00317526
535	0.00338238
536	0.00339264
537	0.00322025
538	0.00342612
539	0.00338131
540	0.00320455
541	0.00342904
542	0.00339469
543	0.00316705
544	0.00337074
545	0.00328847
546	0.00360587
547	0.00343106
548	0.0031401
549	0.00337384
550	0.00339528
551	0.00299683
552	0.0033497
553	0.00345275
554	0.00331126
555	0.00312518
556	0.00316464
557	0.00330006
558	0.00363075
559	0.00321024
560	0.00302206
561	0.00340883
562	0.00330975
563	0.00354384
564	0.00340789
565	0.00332968
566	0.00318298
567	0.00337627
568	0.00351733
569	0.00324415
570	0.0034256
571	0.00319385
572	0.00348366
573	0.00343883
574	0.0031985
575	0.00320401
576	0.00318686
577	0.00326084
578	0.00347031
579	0.00339748
580	0.00302973
581	0.00338447
582	0.00339741
583	0.0030935
584	0.00322252
585	0.00340047
586	0.00354062
587	0.00325034
588	0.00314295
589	0.003141
590	0.00328682
591	0.0032175
592	0.00314598
593	0.00323812
594	0.00336591
595	0.00323072
596	0.00309382
597	0.00330932
598	0.00317834
599	0.00368382
600	0.00345135
601	0.00357381
602	0.00342843
603	0.00339627
604	0.00359909
605	0.00340754
606	0.00314753
607	0.00328093
608	0.00325158
609	0.00315202
610	0.00334602
611	0.0031178
612	0.00341574
613	0.00297187
614	0.00333593
615	0.00362004
616	0.00342539
617	0.00289932
618	0.00333049
619	0.0032815
620	0.00334419
621	0.00312053
622	0.0033309
623	0.00302142
624	0.00305249
625	0.00349552
626	0.00350776
627	0.00349332
628	0.00357412
629	0.00330205
630	0.00329713
631	0.00315164
632	0.00331864
633	0.00317227
634	0.00292966
635	0.00349297
636	0.00361405
637	0.00352337
638	0.0033172
639	0.00342612
640	0.00338042
641	0.00340858
642	0.00345688
643	0.00337066
644	0.00347232
645	0.00361316
646	0.00333681
647	0.00332147
648	0.00322299
649	0.00343089
650	0.00337021
651	0.00332778
652	0.00342383
653	0.00320256
654	0.00317364
655	0.00349001
656	0.00322512
657	0.00313812
658	0.00343061
659	0.00323477
660	0.00328497
661	0.00328369
662	0.00325352
663	0.00306748
664	0.00354415
665	0.00344659
666	0.00330993
667	0.00329336
668	0.00307188
669	0.00308909
670	0.0029787
671	0.00318584
672	0.00343352
673	0.00332762
674	0.00345211
675	0.00311512
676	0.00334837
677	0.00345438
678	0.00336286
679	0.00355417
680	0.00308899
681	0.00301546
682	0.00346261
683	0.00335539
684	0.00320555
685	0.00331092
686	0.00352863
687	0.00377189
688	0.00317914
689	0.00376745
690	0.00363924
691	0.00346419
692	0.00379105
693	0.00352322
694	0.00358278
695	0.0035742
696	0.00341626
697	0.00364622
698	0.00328001
699	0.00340065
700	0.00325728
701	0.0033102
702	0.00336911
703	0.00314841
704	0.0031468
705	0.00334373
706	0.00328273
707	0.00296706
708	0.00316167
709	0.00341064
710	0.00348729
711	0.00344295
712	0.00301671
713	0.00329346
714	0.00361024
715	0.0034533
716	0.00356083
717	0.00334813
718	0.00336236
719	0.00336131
720	0.00325784
721	0.00363525
722	0.0033821
723	0.00373956
724	0.00346256
725	0.00379839
726	0.00361722
727	0.00328327
728	0.00333355
729	0.00303948
730	0.00332267
731	0.0030054
732	0.00320188
733	0.00322562
734	0.00329362
735	0.00309224
736	0.00331467
737	0.00323393
738	0.00352763
739	0.00333689
740	0.0035186
741	0.00320073
742	0.00301488
743	0.0029436
744	0.00332188
745	0.0035306
746	0.00342733
747	0.00349878
748	0.00342323
749	0.00359966
750	0.00373615
751	0.00357677
752	0.00340773
753	0.00318258
754	0.00355628
755	0.00328609
756	0.00324444
757	0.0034805
758	0.00323291
759	0.00294498
760	0.00332293
761	0.00277926
762	0.00347359
763	0.00368603
764	0.00382967
765	0.00330715
766	0.00363673
767	0.00379866
768	0.00340935
769	0.00347975
770	0.00341045
771	0.00327317
772	0.00330891
773	0.00299961
774	0.00352546
775	0.00353852
776	0.00324746
777	0.00309713
778	0.00291029
779	0.00352079
780	0.00371098
781	0.00346318
782	0.00363788
783	0.00339445
784	0.00303399
785	0.00341095
786	0.00371623
787	0.0032588
788	0.00330822
789	0.00340188
790	0.00341467
791	0.00329925
792	0.00317598
793	0.00348403
794	0.00324822
795	0.00302492
796	0.00312549
797	0.00339953
798	0.00316608
799	0.00337408
800	0.00347091
801	0.00301777
802	0.00315806
803	0.0029595
804	0.0036239
805	0.00370064
806	0.00332313
807	0.00344117
808	0.00330594
809	0.00333592
810	0.00340628
811	0.00323804
812	0.00318967
813	0.00322282
814	0.00327749
815	0.0031479
816	0.00312995
817	0.00328386
818	0.00331392
819	0.00329587
820	0.00351044
821	0.00349709
822	0.00342012
823	0.00355902
824	0.00344266
825	0.00310398
826	0.00273196
827	0.00345453
828	0.00306213
829	0.00311132
830	0.00298737
831	0.0031785
832	0.00311016
833	0.00327947
834	0.00356143
835	0.0031249
836	0.00349572
837	0.00353993
838	0.00350398
839	0.00334298
840	0.00347846
841	0.00340027
842	0.00320471
843	0.00317634
844	0.00327533
845	0.00303126
846	0.00314397
847	0.00336104
848	0.00355137
849	0.00349219
850	0.00362756
851	0.0034768
852	0.00336609
853	0.00354051
854	0.00326388
855	0.00329537
856	0.00338271
857	0.00322783
858	0.00294142
859	0.00329641
860	0.00343441
861	0.00349265
862	0.00319472
863	0.00356785
864	0.00336213
865	0.00288931
866	0.00330404
867	0.00324413
868	0.00333271
869	0.00339896
870	0.00313489
871	0.00329491
872	0.00332151
873	0.00337854
874	0.00345153
875	0.00294553
876	0.00327691
877	0.00308775
878	0.00343671
879	0.00321746
880	0.00316868
881	0.00329271
882	0.00371377
883	0.00325558
884	0.00337554
885	0.00322254
886	0.00356514
887	0.0036998
888	0.0035509
889	0.00343127
890	0.00316512
891	0.00377964
892	0.00342214
893	0.00330049
894	0.00338634
895	0.00326836
896	0.00341911
897	0.00289479
898	0.00336721
899	0.00335925
900	0.00331939
901	0.00348229
902	0.00345428
903	0.00329096
904	0.00329654
905	0.00311687
906	0.0033075
907	0.00302226
908	0.00307376
909	0.00340928
910	0.00342089
911	0.00328759
912	0.00317047
913	0.00353408
914	0.00358904
915	0.00313571
916	0.00341056
917	0.00356145
918	0.00340398
919	0.00334925
920	0.00362831
921	0.00358352
922	0.00348643
923	0.00323152
924	0.00332789
925	0.00326152
