/*--------------------------------*- C++ -*----------------------------------*\
| =========                 |                                                 |
| \\      /  F ield         | OpenFOAM: The Open Source CFD Toolbox           |
|  \\    /   O peration     | Version:  plus                                  |
|   \\  /    A nd           | Web:      www.OpenFOAM.com                      |
|    \\/     M anipulation  |                                                 |
\*---------------------------------------------------------------------------*/
FoamFile
{
    version     2.0;
    format      ascii;
    class       volScalarField;
    location    "0";
    object      faceWeight;
}
// * * * * * * * * * * * * * * * * * * * * * * * * * * * * * * * * * * * * * //

dimensions      [0 0 0 0 0 0 0];


internalField   nonuniform List<scalar> 
2650
(
0.495433
0.495304
0.495168
0.495023
0.49487
0.494707
0.494533
0.494348
0.49415
0.493937
0.493708
0.493461
0.493194
0.492903
0.297001
0.495433
0.495304
0.495168
0.495023
0.49487
0.494707
0.494534
0.494348
0.49415
0.493937
0.493708
0.493461
0.493193
0.492903
0.297002
0.495433
0.495304
0.495168
0.495023
0.49487
0.494707
0.494534
0.494348
0.49415
0.493937
0.493708
0.493461
0.493193
0.492904
0.297002
0.495433
0.495304
0.495168
0.495024
0.49487
0.494707
0.494533
0.494348
0.494149
0.493936
0.493708
0.493461
0.493193
0.492903
0.297002
0.495433
0.495305
0.495167
0.495022
0.494871
0.494708
0.494534
0.494348
0.49415
0.493937
0.493708
0.49346
0.493194
0.492904
0.297001
0.495433
0.495304
0.495168
0.495023
0.49487
0.494707
0.494534
0.494347
0.494148
0.493938
0.493709
0.493461
0.493193
0.492903
0.297002
0.495433
0.495304
0.49517
0.495023
0.494868
0.494707
0.494534
0.494348
0.49415
0.493937
0.493708
0.493462
0.493192
0.492902
0.297002
0.495431
0.495304
0.495168
0.495024
0.49487
0.494707
0.494534
0.494348
0.49415
0.493937
0.493708
0.493458
0.493194
0.492906
0.297002
0.495433
0.495302
0.495168
0.495023
0.49487
0.494707
0.494534
0.494348
0.49415
0.493937
0.493705
0.493461
0.493196
0.492904
0.297002
0.495433
0.495304
0.495168
0.495023
0.49487
0.494707
0.494532
0.494348
0.494152
0.493937
0.493708
0.493461
0.493194
0.492901
0.296999
0.495435
0.495304
0.495166
0.495024
0.49487
0.494707
0.494534
0.494348
0.49415
0.493935
0.493708
0.493463
0.493191
0.492904
0.297004
0.495433
0.495304
0.495168
0.495025
0.49487
0.494705
0.494534
0.494348
0.49415
0.493937
0.493708
0.493458
0.493194
0.492906
0.297002
0.495431
0.495304
0.495168
0.495023
0.49487
0.494707
0.494534
0.494348
0.494148
0.493937
0.49371
0.493461
0.493194
0.492901
0.296999
0.495433
0.495306
0.495168
0.495022
0.49487
0.494708
0.494534
0.494348
0.49415
0.493937
0.493705
0.493461
0.493196
0.492904
0.297002
0.495433
0.495302
0.495168
0.495024
0.49487
0.494707
0.494534
0.494348
0.49415
0.493937
0.493708
0.493461
0.493191
0.492904
0.297004
0.495433
0.495304
0.495168
0.495024
0.49487
0.494707
0.494534
0.494348
0.49415
0.493937
0.493708
0.493461
0.493194
0.492904
0.297002
0.495433
0.495304
0.495168
0.495024
0.49487
0.494707
0.494534
0.494348
0.49415
0.493934
0.493708
0.493461
0.493194
0.492904
0.296999
0.495433
0.495304
0.495166
0.495024
0.49487
0.494707
0.494534
0.494346
0.49415
0.493939
0.493708
0.493461
0.493194
0.492904
0.297001
0.495433
0.495304
0.495168
0.495023
0.49487
0.494707
0.494534
0.494348
0.49415
0.493937
0.493708
0.493461
0.493191
0.492904
0.297004
0.495433
0.495304
0.49517
0.495023
0.494868
0.494707
0.494534
0.494348
0.49415
0.493937
0.493705
0.493461
0.493196
0.492901
0.296999
0.297001
0.499942
0.5
0.5
0.499942
0.499942
0.5
0.499942
0.499942
0.5
0.5
0.499942
0.499942
0.5
0.499942
0.499942
0.5
0.5
0.499942
0.499942
0.5
0.499942
0.499942
0.5
0.5
0.499942
0.499942
0.5
0.499942
0.499942
0.5
0.5
0.499942
0.499942
0.500058
0.297002
0.499942
0.5
0.5
0.499942
0.499942
0.5
0.499942
0.499942
0.5
0.5
0.499942
0.499942
0.5
0.499942
0.499942
0.5
0.5
0.499942
0.499942
0.5
0.499942
0.499942
0.5
0.5
0.499942
0.499942
0.5
0.499942
0.499942
0.5
0.5
0.499942
0.499942
0.500058
0.297002
0.499942
0.5
0.5
0.499942
0.499942
0.5
0.499942
0.499942
0.5
0.5
0.499942
0.499942
0.5
0.499942
0.499942
0.5
0.5
0.499942
0.499942
0.5
0.499942
0.499942
0.5
0.5
0.499942
0.499942
0.5
0.499942
0.499942
0.5
0.5
0.499942
0.499942
0.500058
0.297002
0.499942
0.5
0.5
0.499942
0.499942
0.5
0.499942
0.499942
0.5
0.5
0.499942
0.499942
0.5
0.499942
0.499942
0.5
0.5
0.499942
0.499942
0.5
0.499942
0.499942
0.5
0.5
0.499942
0.499942
0.5
0.499942
0.499942
0.5
0.5
0.499942
0.499942
0.500058
0.297001
0.499942
0.5
0.5
0.499942
0.499942
0.5
0.499942
0.499942
0.5
0.5
0.499942
0.499942
0.5
0.499942
0.499942
0.5
0.5
0.499942
0.499942
0.5
0.499942
0.499942
0.5
0.5
0.499942
0.499942
0.5
0.499942
0.499942
0.5
0.5
0.499942
0.499942
0.500058
0.297002
0.499942
0.5
0.5
0.499942
0.499942
0.5
0.499942
0.499942
0.5
0.5
0.499942
0.499942
0.5
0.499942
0.499942
0.5
0.5
0.499942
0.499942
0.5
0.499942
0.499942
0.5
0.5
0.499942
0.499942
0.5
0.499942
0.499942
0.5
0.5
0.499942
0.499942
0.500058
0.297002
0.499942
0.5
0.5
0.499942
0.499942
0.5
0.499942
0.499942
0.5
0.5
0.499942
0.499942
0.5
0.499942
0.499942
0.5
0.5
0.499942
0.499942
0.5
0.499942
0.499942
0.5
0.5
0.499942
0.499942
0.5
0.499942
0.499942
0.5
0.5
0.499942
0.499942
0.500058
0.297002
0.499942
0.5
0.5
0.499942
0.499942
0.5
0.499942
0.499942
0.5
0.5
0.499942
0.499942
0.5
0.499942
0.499942
0.5
0.5
0.499942
0.499942
0.5
0.499942
0.499942
0.5
0.5
0.499942
0.499942
0.5
0.499942
0.499942
0.5
0.5
0.499942
0.499942
0.500058
0.297002
0.499942
0.5
0.5
0.499942
0.499942
0.5
0.499942
0.499942
0.5
0.5
0.499942
0.499942
0.5
0.499942
0.499942
0.5
0.5
0.499942
0.499942
0.5
0.499942
0.499942
0.5
0.5
0.499942
0.499942
0.5
0.499942
0.499942
0.5
0.5
0.499942
0.499942
0.500058
0.296999
0.499942
0.5
0.5
0.499942
0.499942
0.5
0.499942
0.499942
0.5
0.5
0.499942
0.499942
0.5
0.499942
0.499942
0.5
0.5
0.499942
0.499942
0.5
0.499942
0.499942
0.5
0.5
0.499942
0.499942
0.5
0.499942
0.499942
0.5
0.5
0.499942
0.499942
0.500058
0.297004
0.499942
0.5
0.5
0.499942
0.499942
0.5
0.499942
0.499942
0.5
0.5
0.499942
0.499942
0.5
0.499942
0.499942
0.5
0.5
0.499942
0.499942
0.5
0.499942
0.499942
0.5
0.5
0.499942
0.499942
0.5
0.499942
0.499942
0.5
0.5
0.499942
0.499942
0.500058
0.297002
0.499942
0.5
0.5
0.499942
0.499942
0.5
0.499942
0.499942
0.5
0.5
0.499942
0.499942
0.5
0.499942
0.499942
0.5
0.5
0.499942
0.499942
0.5
0.499942
0.499942
0.5
0.5
0.499942
0.499942
0.5
0.499942
0.499942
0.5
0.5
0.499942
0.499942
0.500058
0.296999
0.499942
0.5
0.5
0.499942
0.499942
0.5
0.499942
0.499942
0.5
0.5
0.499942
0.499942
0.5
0.499942
0.499942
0.5
0.5
0.499942
0.499942
0.5
0.499942
0.499942
0.5
0.5
0.499942
0.499942
0.5
0.499942
0.499942
0.5
0.5
0.499942
0.499942
0.500058
0.297002
0.499942
0.5
0.5
0.499942
0.499942
0.5
0.499942
0.499942
0.5
0.5
0.499942
0.499942
0.5
0.499942
0.499942
0.5
0.5
0.499942
0.499942
0.5
0.499942
0.499942
0.5
0.5
0.499942
0.499942
0.5
0.499942
0.499942
0.5
0.5
0.499942
0.499942
0.500058
0.297004
0.499942
0.5
0.5
0.499942
0.499942
0.5
0.499942
0.499942
0.5
0.5
0.499942
0.499942
0.5
0.499942
0.499942
0.5
0.5
0.499942
0.499942
0.5
0.499942
0.499942
0.5
0.5
0.499942
0.499942
0.5
0.499942
0.499942
0.5
0.5
0.499942
0.499942
0.500058
0.297002
0.499942
0.5
0.5
0.499942
0.499942
0.5
0.499942
0.499942
0.5
0.5
0.499942
0.499942
0.5
0.499942
0.499942
0.5
0.5
0.499942
0.499942
0.5
0.499942
0.499942
0.5
0.5
0.499942
0.499942
0.5
0.499942
0.499942
0.5
0.5
0.499942
0.499942
0.500058
0.296999
0.499942
0.5
0.5
0.499942
0.499942
0.5
0.499942
0.499942
0.5
0.5
0.499942
0.499942
0.5
0.499942
0.499942
0.5
0.5
0.499942
0.499942
0.5
0.499942
0.499942
0.5
0.5
0.499942
0.499942
0.5
0.499942
0.499942
0.5
0.5
0.499942
0.499942
0.500058
0.297001
0.499942
0.5
0.5
0.499942
0.499942
0.5
0.499942
0.499942
0.5
0.5
0.499942
0.499942
0.5
0.499942
0.499942
0.5
0.5
0.499942
0.499942
0.5
0.499942
0.499942
0.5
0.5
0.499942
0.499942
0.5
0.499942
0.499942
0.5
0.5
0.499942
0.499942
0.500058
0.297004
0.499942
0.5
0.5
0.499942
0.499942
0.5
0.499942
0.499942
0.5
0.5
0.499942
0.499942
0.5
0.499942
0.499942
0.5
0.5
0.499942
0.499942
0.5
0.499942
0.499942
0.5
0.5
0.499942
0.499942
0.5
0.499942
0.499942
0.5
0.5
0.499942
0.499942
0.500058
0.296999
0.499942
0.5
0.5
0.499942
0.499942
0.5
0.499942
0.499942
0.5
0.5
0.499942
0.499942
0.5
0.499942
0.499942
0.5
0.5
0.499942
0.499942
0.5
0.499942
0.499942
0.5
0.5
0.499942
0.499942
0.5
0.499942
0.499942
0.5
0.5
0.499942
0.499942
0.500058
0.502732
0.502688
0.502646
0.502604
0.502564
0.502526
0.502488
0.502451
0.502416
0.502381
0.502348
0.502315
0.502283
0.502253
0.502222
0.502193
0.502165
0.502137
0.50211
0.502083
0.502058
0.502033
0.502008
0.501984
0.501961
0.501938
0.501916
0.501894
0.501873
0.501852
0.501832
0.501812
0.501792
0.501773
0.501755
0.501736
0.501718
0.501701
0.501684
0.501684
0.502733
0.502688
0.502645
0.502605
0.502565
0.502525
0.502488
0.502451
0.502416
0.502381
0.502347
0.502315
0.502283
0.502252
0.502222
0.502193
0.502165
0.502137
0.50211
0.502084
0.502058
0.502032
0.502008
0.501984
0.501961
0.501938
0.501916
0.501894
0.501873
0.501852
0.501832
0.501811
0.501792
0.501773
0.501754
0.501736
0.501718
0.501701
0.501684
0.501684
0.502732
0.502688
0.502646
0.502604
0.502564
0.502526
0.502488
0.502451
0.502415
0.502381
0.502348
0.502315
0.502283
0.502253
0.502222
0.502193
0.502164
0.502137
0.50211
0.502083
0.502058
0.502033
0.502008
0.501984
0.501961
0.501938
0.501916
0.501894
0.501873
0.501852
0.501832
0.501812
0.501792
0.501773
0.501755
0.501736
0.501718
0.501701
0.501684
0.501684
0.502733
0.502689
0.502646
0.502604
0.502564
0.502525
0.502488
0.502451
0.502416
0.502381
0.502348
0.502315
0.502283
0.502252
0.502223
0.502193
0.502165
0.502137
0.50211
0.502083
0.502058
0.502033
0.502008
0.501984
0.501961
0.501938
0.501916
0.501894
0.501873
0.501852
0.501832
0.501812
0.501792
0.501773
0.501754
0.501736
0.501718
0.501701
0.501684
0.501684
0.502732
0.502688
0.502646
0.502605
0.502564
0.502525
0.502488
0.502451
0.502416
0.502381
0.502347
0.502315
0.502283
0.502252
0.502222
0.502193
0.502165
0.502137
0.50211
0.502084
0.502057
0.502031
0.502009
0.501985
0.501962
0.501937
0.501915
0.501895
0.501873
0.501853
0.501832
0.501811
0.501791
0.501774
0.501755
0.501737
0.501717
0.5017
0.501684
0.501684
0.502733
0.502689
0.502645
0.502604
0.502565
0.502525
0.502488
0.502451
0.502415
0.502383
0.502347
0.502314
0.502283
0.502252
0.502222
0.502193
0.502167
0.502137
0.50211
0.502082
0.502058
0.502036
0.502007
0.501983
0.50196
0.501939
0.501917
0.501893
0.501874
0.501851
0.501831
0.501812
0.501793
0.501772
0.501754
0.501737
0.501719
0.501702
0.501683
0.501683
0.502733
0.502689
0.502644
0.502605
0.502565
0.502525
0.502488
0.502452
0.502414
0.50238
0.502349
0.502314
0.502284
0.502253
0.502221
0.502194
0.502164
0.502136
0.502111
0.502084
0.502057
0.502032
0.502009
0.501983
0.501962
0.501939
0.501915
0.501895
0.501872
0.501851
0.501832
0.501813
0.501791
0.501774
0.501755
0.501734
0.501719
0.501702
0.501683
0.501683
0.502731
0.502687
0.502647
0.502603
0.502563
0.502527
0.502489
0.502452
0.502417
0.50238
0.502346
0.502316
0.502282
0.502251
0.502223
0.502192
0.502166
0.50214
0.502109
0.502082
0.502059
0.502032
0.502007
0.501985
0.50196
0.501937
0.501917
0.501895
0.501874
0.501853
0.501831
0.501811
0.501793
0.501772
0.501754
0.501737
0.501717
0.501702
0.501686
0.501686
0.502731
0.50269
0.502647
0.502606
0.502566
0.502527
0.502484
0.502447
0.502417
0.502382
0.502349
0.502316
0.502284
0.502251
0.502221
0.502194
0.502163
0.502136
0.502111
0.502084
0.502057
0.502032
0.502009
0.501985
0.501962
0.501939
0.501917
0.501891
0.50187
0.501853
0.501832
0.501813
0.501793
0.501774
0.501754
0.501735
0.501719
0.5017
0.501683
0.501683
0.502734
0.502687
0.502647
0.502603
0.502563
0.502527
0.502489
0.502452
0.502414
0.50238
0.502349
0.502314
0.502282
0.502256
0.502223
0.502192
0.502163
0.502136
0.502111
0.502082
0.502059
0.502036
0.502007
0.501983
0.50196
0.501937
0.501917
0.501895
0.501874
0.501851
0.501831
0.501813
0.501791
0.501772
0.501757
0.501737
0.501717
0.5017
0.501683
0.501683
0.502734
0.50269
0.502642
0.502606
0.502566
0.502524
0.502489
0.50245
0.502417
0.502382
0.502346
0.502316
0.502282
0.502251
0.502223
0.502192
0.502166
0.502138
0.502109
0.502084
0.502057
0.502032
0.502009
0.501985
0.501962
0.501937
0.501915
0.501895
0.501872
0.501853
0.501833
0.501811
0.501793
0.501772
0.501754
0.501737
0.501717
0.501702
0.501684
0.501684
0.502731
0.502687
0.502647
0.502603
0.502565
0.502527
0.502486
0.502452
0.502414
0.50238
0.502346
0.502316
0.502287
0.502251
0.502221
0.502194
0.502163
0.502136
0.502111
0.502084
0.502059
0.502032
0.502007
0.501983
0.50196
0.501941
0.501917
0.501893
0.501874
0.501851
0.501831
0.501811
0.501793
0.501776
0.501753
0.501735
0.501719
0.5017
0.501683
0.501683
0.502734
0.50269
0.502647
0.502606
0.502563
0.502524
0.502489
0.502452
0.502414
0.50238
0.502349
0.502314
0.502282
0.502253
0.502223
0.502194
0.502166
0.502138
0.502109
0.50208
0.502057
0.502034
0.502009
0.501985
0.501962
0.501937
0.501915
0.501895
0.501874
0.501853
0.501831
0.501811
0.501791
0.501772
0.501755
0.501737
0.501719
0.501702
0.501684
0.501684
0.502731
0.502687
0.502647
0.502603
0.502563
0.502527
0.502486
0.50245
0.502419
0.502382
0.502346
0.502316
0.502282
0.502251
0.502223
0.502192
0.502163
0.502138
0.502111
0.502084
0.502059
0.502033
0.502007
0.501983
0.501962
0.501937
0.501915
0.501895
0.501872
0.501851
0.501834
0.501813
0.501791
0.501774
0.501753
0.501735
0.501719
0.5017
0.501683
0.501683
0.502734
0.50269
0.502644
0.502606
0.502563
0.502524
0.502489
0.502452
0.502414
0.502382
0.502349
0.502311
0.502284
0.502254
0.502221
0.502194
0.502166
0.502136
0.502106
0.502084
0.502059
0.502031
0.502009
0.501985
0.50196
0.501937
0.501917
0.501893
0.501873
0.501853
0.501831
0.501813
0.501791
0.501772
0.501755
0.501737
0.501717
0.501701
0.501685
0.501685
0.502731
0.502687
0.502645
0.502605
0.502568
0.502524
0.502486
0.50245
0.502417
0.502382
0.502346
0.502316
0.502282
0.502251
0.502223
0.502194
0.502164
0.502136
0.502111
0.502085
0.502059
0.502031
0.502007
0.501983
0.501962
0.501941
0.501915
0.501893
0.501872
0.501853
0.501832
0.501811
0.501793
0.501772
0.501755
0.501737
0.501717
0.5017
0.501683
0.501683
0.502734
0.50269
0.502647
0.502603
0.502563
0.502527
0.502489
0.502452
0.502414
0.50238
0.502349
0.502316
0.502284
0.502253
0.502221
0.502192
0.502163
0.502136
0.502111
0.502082
0.502057
0.502033
0.502009
0.501985
0.50196
0.501937
0.501917
0.501895
0.501874
0.501851
0.501831
0.501813
0.501793
0.501774
0.501754
0.501735
0.501719
0.501702
0.501683
0.501683
0.502731
0.502687
0.502647
0.502606
0.502563
0.502524
0.502489
0.50245
0.502414
0.502382
0.502349
0.502314
0.502282
0.502253
0.502221
0.502192
0.502168
0.50214
0.502109
0.502082
0.502059
0.502033
0.502007
0.501983
0.501962
0.501937
0.501915
0.501895
0.501874
0.501851
0.501831
0.501813
0.501791
0.501772
0.501755
0.501737
0.501717
0.5017
0.501686
0.501686
0.502734
0.50269
0.502644
0.502603
0.502566
0.502527
0.502486
0.502452
0.502417
0.50238
0.502344
0.502316
0.502284
0.502251
0.502223
0.502194
0.502164
0.502136
0.502111
0.502084
0.502057
0.502031
0.502009
0.501985
0.50196
0.501939
0.501917
0.501893
0.501872
0.501853
0.501832
0.501811
0.501793
0.501774
0.501753
0.501734
0.501719
0.501702
0.501683
0.501683
0.502734
0.502687
0.502644
0.502606
0.502566
0.502524
0.502487
0.502452
0.502417
0.50238
0.502349
0.502316
0.502284
0.502251
0.502221
0.502194
0.502166
0.502136
0.502109
0.502084
0.502059
0.502031
0.502007
0.501983
0.501962
0.501939
0.501915
0.501893
0.501874
0.501853
0.501831
0.501811
0.501793
0.501774
0.501753
0.501737
0.501719
0.501702
0.501683
0.501683
0.402179
0.496274
0.496
0.495656
0.495314
0.4949
0.494448
0.493884
0.493256
0.493256
0.402168
0.496264
0.495989
0.495676
0.495335
0.49489
0.494438
0.493884
0.493246
0.493246
0.402179
0.496274
0.496
0.495656
0.495314
0.4949
0.494448
0.493884
0.493256
0.493256
0.402179
0.496275
0.496
0.495666
0.495325
0.4949
0.494447
0.493864
0.493256
0.493256
0.402179
0.496274
0.496
0.495656
0.495314
0.4949
0.494448
0.493884
0.493256
0.493256
0.402168
0.496264
0.495989
0.495676
0.495335
0.49489
0.494438
0.493884
0.493246
0.493246
0.402179
0.496274
0.496
0.495656
0.495314
0.4949
0.494448
0.493884
0.493256
0.493256
0.402179
0.496274
0.496
0.495656
0.495314
0.4949
0.494448
0.493884
0.493256
0.493256
0.402168
0.496264
0.495989
0.495676
0.495335
0.49489
0.494438
0.493884
0.493246
0.493246
0.402179
0.496274
0.496
0.495656
0.495314
0.4949
0.494448
0.493884
0.493256
0.493256
0.402179
0.496275
0.496
0.495666
0.495325
0.4949
0.494447
0.493864
0.493256
0.493256
0.402179
0.496274
0.496
0.495656
0.495314
0.4949
0.494448
0.493884
0.493256
0.493256
0.402168
0.496264
0.495989
0.495676
0.495335
0.49489
0.494438
0.493884
0.493246
0.493246
0.402179
0.496274
0.496
0.495656
0.495314
0.4949
0.494448
0.493884
0.493256
0.493256
0.402179
0.496274
0.496
0.495656
0.495314
0.4949
0.494448
0.493884
0.493256
0.493256
0.402168
0.496264
0.495989
0.495676
0.495335
0.49489
0.494438
0.493884
0.493246
0.493246
0.402179
0.496274
0.496
0.495656
0.495314
0.4949
0.494448
0.493884
0.493256
0.493256
0.402179
0.496275
0.496
0.495666
0.495325
0.4949
0.494447
0.493864
0.493256
0.493256
0.402179
0.496274
0.496
0.495656
0.495314
0.4949
0.494448
0.493884
0.493256
0.493256
0.402168
0.496264
0.495989
0.495676
0.495335
0.49489
0.494438
0.493884
0.493246
0.493246
0.402179
0.496274
0.496
0.495656
0.495314
0.4949
0.494448
0.493884
0.493256
0.493256
0.402179
0.496274
0.496
0.495656
0.495314
0.4949
0.494448
0.493884
0.493256
0.493256
0.402168
0.496264
0.495989
0.495676
0.495335
0.49489
0.494438
0.493884
0.493246
0.493246
0.402179
0.496274
0.496
0.495656
0.495314
0.4949
0.494448
0.493884
0.493256
0.493256
0.402179
0.496275
0.496
0.495666
0.495325
0.4949
0.494447
0.493864
0.493256
0.493256
0.402179
0.496274
0.496
0.495656
0.495314
0.4949
0.494448
0.493884
0.493256
0.493256
0.402168
0.496264
0.495989
0.495676
0.495335
0.49489
0.494438
0.493884
0.493246
0.493246
0.402179
0.496274
0.496
0.495656
0.495314
0.4949
0.494448
0.493884
0.493256
0.493256
0.402179
0.496274
0.496
0.495656
0.495314
0.4949
0.494448
0.493884
0.493256
0.493256
0.402168
0.496264
0.495989
0.495676
0.495335
0.49489
0.494438
0.493884
0.493246
0.493246
0.402179
0.496274
0.496
0.495656
0.495314
0.4949
0.494448
0.493884
0.493256
0.493256
0.402179
0.496275
0.496
0.495666
0.495325
0.4949
0.494447
0.493864
0.493256
0.493256
0.402179
0.496274
0.496
0.495656
0.495314
0.4949
0.494448
0.493884
0.493256
0.493256
0.402168
0.496264
0.495989
0.495676
0.495335
0.49489
0.494438
0.493884
0.493246
0.493246
0.402179
0.496274
0.496
0.495656
0.495314
0.4949
0.494448
0.493884
0.493256
0.493256
0.499717
0.49962
0.499522
0.499423
0.499309
0.499217
0.49911
0.498999
0.498885
0.402179
0.499704
0.499607
0.499523
0.499423
0.499333
0.499217
0.49911
0.498988
0.498874
0.402168
0.499717
0.49962
0.499522
0.499423
0.499309
0.499217
0.49911
0.498999
0.498885
0.402179
0.49973
0.499633
0.49951
0.49941
0.499333
0.499205
0.499098
0.499011
0.498896
0.402179
0.499717
0.49962
0.499522
0.499423
0.499309
0.499217
0.49911
0.498999
0.498885
0.402179
0.499704
0.499607
0.499523
0.499423
0.499333
0.499217
0.49911
0.498988
0.498874
0.402168
0.499717
0.49962
0.499522
0.499423
0.499309
0.499217
0.49911
0.498999
0.498885
0.402179
0.499717
0.49962
0.499522
0.499423
0.499309
0.499217
0.49911
0.498999
0.498885
0.402179
0.499704
0.499607
0.499523
0.499423
0.499333
0.499217
0.49911
0.498988
0.498874
0.402168
0.499717
0.49962
0.499522
0.499423
0.499309
0.499217
0.49911
0.498999
0.498885
0.402179
0.49973
0.499633
0.49951
0.49941
0.499333
0.499205
0.499098
0.499011
0.498896
0.402179
0.499717
0.49962
0.499522
0.499423
0.499309
0.499217
0.49911
0.498999
0.498885
0.402179
0.499704
0.499607
0.499523
0.499423
0.499333
0.499217
0.49911
0.498988
0.498874
0.402168
0.499717
0.49962
0.499522
0.499423
0.499309
0.499217
0.49911
0.498999
0.498885
0.402179
0.499717
0.49962
0.499522
0.499423
0.499309
0.499217
0.49911
0.498999
0.498885
0.402179
0.499704
0.499607
0.499523
0.499423
0.499333
0.499217
0.49911
0.498988
0.498874
0.402168
0.499717
0.49962
0.499522
0.499423
0.499309
0.499217
0.49911
0.498999
0.498885
0.402179
0.49973
0.499633
0.49951
0.49941
0.499333
0.499205
0.499098
0.499011
0.498896
0.402179
0.499717
0.49962
0.499522
0.499423
0.499309
0.499217
0.49911
0.498999
0.498885
0.402179
0.499704
0.499607
0.499523
0.499423
0.499333
0.499217
0.49911
0.498988
0.498874
0.402168
0.499717
0.49962
0.499522
0.499423
0.499309
0.499217
0.49911
0.498999
0.498885
0.402179
0.499717
0.49962
0.499522
0.499423
0.499309
0.499217
0.49911
0.498999
0.498885
0.402179
0.499704
0.499607
0.499523
0.499423
0.499333
0.499217
0.49911
0.498988
0.498874
0.402168
0.499717
0.49962
0.499522
0.499423
0.499309
0.499217
0.49911
0.498999
0.498885
0.402179
0.49973
0.499633
0.49951
0.49941
0.499333
0.499205
0.499098
0.499011
0.498896
0.402179
0.499717
0.49962
0.499522
0.499423
0.499309
0.499217
0.49911
0.498999
0.498885
0.402179
0.499704
0.499607
0.499523
0.499423
0.499333
0.499217
0.49911
0.498988
0.498874
0.402168
0.499717
0.49962
0.499522
0.499423
0.499309
0.499217
0.49911
0.498999
0.498885
0.402179
0.499717
0.49962
0.499522
0.499423
0.499309
0.499217
0.49911
0.498999
0.498885
0.402179
0.499704
0.499607
0.499523
0.499423
0.499333
0.499217
0.49911
0.498988
0.498874
0.402168
0.499717
0.49962
0.499522
0.499423
0.499309
0.499217
0.49911
0.498999
0.498885
0.402179
0.49973
0.499633
0.49951
0.49941
0.499333
0.499205
0.499098
0.499011
0.498896
0.402179
0.499717
0.49962
0.499522
0.499423
0.499309
0.499217
0.49911
0.498999
0.498885
0.402179
0.499704
0.499607
0.499523
0.499423
0.499333
0.499217
0.49911
0.498988
0.498874
0.402168
0.499717
0.49962
0.499522
0.499423
0.499309
0.499217
0.49911
0.498999
0.498885
0.402179
0.500001
0.499998
0.499998
0.5
0.499997
0.499997
0.5
0.499997
0.499997
0.5
0.499981
0.499981
0.5
0.499973
0.499973
0.500001
0.499998
0.499998
0.5
0.499997
0.499997
0.5
0.499997
0.499997
0.5
0.499981
0.499981
0.5
0.499973
0.499973
0.500001
0.499998
0.499998
0.5
0.499997
0.499997
0.5
0.499997
0.499997
0.5
0.499981
0.499981
0.5
0.499973
0.499973
0.500001
0.499998
0.499998
0.5
0.499997
0.499997
0.5
0.499997
0.499997
0.5
0.499981
0.499981
0.5
0.499973
0.499973
0.500001
0.499998
0.499998
0.5
0.499997
0.499997
0.5
0.499997
0.499997
0.5
0.499981
0.499981
0.5
0.499973
0.499973
0.500001
0.499998
0.499998
0.5
0.499997
0.499997
0.5
0.499997
0.499997
0.5
0.499981
0.499981
0.5
0.499973
0.499973
0.500001
0.499998
0.499998
0.5
0.499997
0.499997
0.5
0.499997
0.499997
0.5
0.499981
0.499981
0.5
0.499973
0.499973
0.500001
0.499998
0.499998
0.5
0.499997
0.499997
0.5
0.499997
0.499997
0.5
0.499981
0.499981
0.5
0.499973
0.499973
0.500001
0.499998
0.499998
0.5
0.499997
0.499997
0.5
0.499997
0.499997
0.5
0.499981
0.499981
0.5
0.499973
0.499973
0.500001
0.499998
0.499998
0.5
0.499997
0.499997
0.5
0.499997
0.499997
0.5
0.499981
0.499981
0.5
0.499973
0.499973
)
;

boundaryField
{
    inlet_one
    {
        type            calculated;
        value           uniform 1;
    }
    inlet_two
    {
        type            calculated;
        value           uniform 1;
    }
    outlet
    {
        type            calculated;
        value           uniform 1;
    }
    walls
    {
        type            calculated;
        value           uniform 1;
    }
    front
    {
        type            calculated;
        patchType       wedge;
        value           uniform 1;
    }
    back
    {
        type            calculated;
        patchType       wedge;
        value           uniform 1;
    }
}


// ************************************************************************* //
