0.001	1
0.002	0.225338
0.003	0.130595
0.004	0.0972042
0.005	0.0736344
0.006	0.059381
0.007	0.0500621
0.008	0.0429447
0.009	0.0375055
0.01	0.0335331
0.011	0.0302966
0.012	0.0275527
0.013	0.0254164
0.014	0.0236029
0.015	0.0220147
0.016	0.0206027
0.017	0.019457
0.018	0.0184453
0.019	0.0175054
0.02	0.0166427
0.021	0.0158916
0.022	0.0152469
0.023	0.0146396
0.024	0.0140587
0.025	0.013515
0.026	0.0130479
0.027	0.0126159
0.028	0.0122086
0.029	0.0118152
0.03	0.0114494
0.031	0.0111154
0.032	0.0108011
0.033	0.0105038
0.034	0.0102199
0.035	0.00995928
0.036	0.00970898
0.037	0.00946887
0.038	0.00923975
0.039	0.00902192
0.04	0.00882288
0.041	0.00863173
0.042	0.00844549
0.043	0.00826416
0.044	0.0080906
0.045	0.00792913
0.046	0.00777486
0.047	0.00762705
0.048	0.00748358
0.049	0.00734425
0.05	0.00721123
0.051	0.00708272
0.052	0.00695908
0.053	0.00684001
0.054	0.00672631
0.055	0.00661775
0.056	0.0065115
0.057	0.00640746
0.058	0.00630605
0.059	0.00620841
0.06	0.00611563
0.061	0.00602622
0.062	0.00593954
0.063	0.00585462
0.064	0.00577099
0.065	0.00568953
0.066	0.00561075
0.067	0.0055349
0.068	0.0054617
0.069	0.00539105
0.07	0.00532227
0.071	0.00525472
0.072	0.00518843
0.073	0.00512361
0.074	0.00506069
0.075	0.00499976
0.076	0.0049408
0.077	0.00488364
0.078	0.00482772
0.079	0.00477259
0.08	0.00471836
0.081	0.00466524
0.082	0.00461351
0.083	0.00456327
0.084	0.0045145
0.085	0.00446707
0.086	0.00442048
0.087	0.00437437
0.088	0.00432899
0.089	0.00428447
0.09	0.00424093
0.091	0.00419852
0.092	0.00415722
0.093	0.00411696
0.094	0.00407755
0.095	0.0040388
0.096	0.00400068
0.097	0.00396326
0.098	0.00392659
0.099	0.0038906
0.1	0.00385527
0.101	0.00382054
0.102	0.00378647
0.103	0.00375307
0.104	0.00372025
0.105	0.00368794
0.106	0.00365615
0.107	0.00362498
0.108	0.0035944
0.109	0.00356429
0.11	0.00353456
0.111	0.00350535
0.112	0.00347668
0.113	0.00344853
0.114	0.00342078
0.115	0.00339339
0.116	0.00336641
0.117	0.00333989
0.118	0.00331384
0.119	0.00328823
0.12	0.00326294
0.121	0.00323795
0.122	0.00321333
0.123	0.00318913
0.124	0.00316541
0.125	0.00314204
0.126	0.00311888
0.127	0.003096
0.128	0.0030735
0.129	0.00305141
0.13	0.0030297
0.131	0.00300832
0.132	0.00298712
0.133	0.00296617
0.134	0.00294557
0.135	0.00292534
0.136	0.00290545
0.137	0.00288583
0.138	0.00286642
0.139	0.00284726
0.14	0.00282841
0.141	0.00280986
0.142	0.0027916
0.143	0.00277363
0.144	0.00275589
0.145	0.00273837
0.146	0.00272109
0.147	0.00270407
0.148	0.00268735
0.149	0.0026709
0.15	0.00265469
0.151	0.00263866
0.152	0.00262283
0.153	0.00260725
0.154	0.00259194
0.155	0.0025769
0.156	0.00256209
0.157	0.00254747
0.158	0.002533
0.159	0.00251874
0.16	0.00250472
0.161	0.00249097
0.162	0.00247741
0.163	0.00246402
0.164	0.00245079
0.165	0.00243776
0.166	0.00242495
0.167	0.00241237
0.168	0.00239999
0.169	0.00238776
0.17	0.0023757
0.171	0.00236381
0.172	0.0023521
0.173	0.0023406
0.174	0.00232927
0.175	0.0023181
0.176	0.0023071
0.177	0.00229626
0.178	0.00228558
0.179	0.00227508
0.18	0.00226474
0.181	0.00225454
0.182	0.0022445
0.183	0.00223461
0.184	0.00222487
0.185	0.00221529
0.186	0.00220585
0.187	0.00219655
0.188	0.00218739
0.189	0.00217836
0.19	0.00216948
0.191	0.00216074
0.192	0.00215214
0.193	0.00214367
0.194	0.00213532
0.195	0.0021271
0.196	0.00211902
0.197	0.00211107
0.198	0.00210324
0.199	0.00209552
0.2	0.00208791
0.201	0.00208044
0.202	0.00207309
0.203	0.00206587
0.204	0.00205874
0.205	0.00205173
0.206	0.00204481
0.207	0.00203802
0.208	0.00203134
0.209	0.00202477
0.21	0.00201831
0.211	0.00201194
0.212	0.00200567
0.213	0.0019995
0.214	0.00199343
0.215	0.00198746
0.216	0.00198158
0.217	0.0019758
0.218	0.00197013
0.219	0.00196455
0.22	0.00195904
0.221	0.00195362
0.222	0.00194828
0.223	0.00194303
0.224	0.00193789
0.225	0.00193285
0.226	0.00192788
0.227	0.00192298
0.228	0.00191814
0.229	0.00191337
0.23	0.00190868
0.231	0.00190409
0.232	0.00189959
0.233	0.00189518
0.234	0.00189082
0.235	0.0018865
0.236	0.00188221
0.237	0.00187799
0.238	0.00187386
0.239	0.00186982
0.24	0.00186586
0.241	0.00186196
0.242	0.00185812
0.243	0.00185428
0.244	0.00185049
0.245	0.00184675
0.246	0.00184309
0.247	0.00183951
0.248	0.00183599
0.249	0.00183253
0.25	0.00182913
0.251	0.00182575
0.252	0.00182239
0.253	0.00181906
0.254	0.00181578
0.255	0.00181255
0.256	0.00180937
0.257	0.00180623
0.258	0.00180314
0.259	0.0018001
0.26	0.00179709
0.261	0.00179409
0.262	0.0017911
0.263	0.00178813
0.264	0.00178518
0.265	0.00178226
0.266	0.00177939
0.267	0.00177655
0.268	0.00177374
0.269	0.00177097
0.27	0.00176821
0.271	0.00176546
0.272	0.00176269
0.273	0.00175993
0.274	0.00175718
0.275	0.00175443
0.276	0.00175171
0.277	0.001749
0.278	0.00174631
0.279	0.00174362
0.28	0.00174095
0.281	0.00173828
0.282	0.00173561
0.283	0.00173292
0.284	0.00173022
0.285	0.00172751
0.286	0.00172479
0.287	0.00172205
0.288	0.00171932
0.289	0.00171658
0.29	0.00171385
0.291	0.00171111
0.292	0.00170836
0.293	0.0017056
0.294	0.0017028
0.295	0.00169997
0.296	0.0016971
0.297	0.0016942
0.298	0.00169128
0.299	0.00168834
0.3	0.00168538
0.301	0.00168239
0.302	0.00167938
0.303	0.00167635
0.304	0.00167328
0.305	0.00167019
0.306	0.00166705
0.307	0.00166385
0.308	0.0016606
0.309	0.00165733
0.31	0.00165402
0.311	0.00165069
0.312	0.00164733
0.313	0.00164394
0.314	0.00164051
0.315	0.00163704
0.316	0.00163351
0.317	0.00162992
0.318	0.00162628
0.319	0.00162261
0.32	0.00161891
0.321	0.00161517
0.322	0.00161138
0.323	0.00160756
0.324	0.00160368
0.325	0.00159974
0.326	0.00159573
0.327	0.00159167
0.328	0.00158754
0.329	0.00158336
0.33	0.00157915
0.331	0.0015749
0.332	0.00157063
0.333	0.00156634
0.334	0.00156202
0.335	0.00155766
0.336	0.00155327
0.337	0.00154885
0.338	0.00154439
0.339	0.00153989
0.34	0.00153537
0.341	0.00153081
0.342	0.00152622
0.343	0.0015216
0.344	0.00151694
0.345	0.00151224
0.346	0.0015075
0.347	0.00150274
0.348	0.00149795
0.349	0.00149313
0.35	0.00148828
0.351	0.00148339
0.352	0.00147849
0.353	0.00147354
0.354	0.00146857
0.355	0.00146356
0.356	0.00145851
0.357	0.00145342
0.358	0.0014483
0.359	0.00144316
0.36	0.00143798
0.361	0.00143278
0.362	0.00142754
0.363	0.00142227
0.364	0.00141696
0.365	0.00141162
0.366	0.00140625
0.367	0.00140084
0.368	0.00139541
0.369	0.00138995
0.37	0.00138446
0.371	0.00137895
0.372	0.00137341
0.373	0.00136784
0.374	0.00136224
0.375	0.00135661
0.376	0.00135095
0.377	0.00134526
0.378	0.00133954
0.379	0.00133379
0.38	0.00132801
0.381	0.00132222
0.382	0.0013164
0.383	0.00131056
0.384	0.00130469
0.385	0.0012988
0.386	0.00129287
0.387	0.00128692
0.388	0.00128094
0.389	0.00127494
0.39	0.00126892
0.391	0.00126288
0.392	0.00125681
0.393	0.00125073
0.394	0.00124464
0.395	0.00123852
0.396	0.00123238
0.397	0.00122623
0.398	0.00122005
0.399	0.00121385
0.4	0.00120763
0.401	0.00120139
0.402	0.00119513
0.403	0.00118885
0.404	0.00118257
0.405	0.00117627
0.406	0.00116995
0.407	0.00116363
0.408	0.00115729
0.409	0.00115093
0.41	0.00114456
0.411	0.00113818
0.412	0.00113178
0.413	0.00112536
0.414	0.00111894
0.415	0.0011125
0.416	0.00110606
0.417	0.00109961
0.418	0.00109316
0.419	0.00108669
0.42	0.00108023
0.421	0.00107375
0.422	0.00106727
0.423	0.00106078
0.424	0.00105428
0.425	0.00104777
0.426	0.00104126
0.427	0.00103475
0.428	0.00102823
0.429	0.00102171
0.43	0.00101519
0.431	0.00100867
0.432	0.00100215
0.433	0.000995636
0.434	0.000989121
0.435	0.000982606
0.436	0.000976092
0.437	0.000969576
0.438	0.00096306
0.439	0.000956547
0.44	0.000950036
0.441	0.00094353
0.442	0.000937029
0.443	0.000930534
0.444	0.000924046
0.445	0.000917566
0.446	0.000911093
0.447	0.00090463
0.448	0.000898175
0.449	0.00089173
0.45	0.000885292
0.451	0.000878862
0.452	0.000872439
0.453	0.000866024
0.454	0.00085962
0.455	0.000853228
0.456	0.000846848
0.457	0.000840481
0.458	0.000834128
0.459	0.000827789
0.46	0.000821464
0.461	0.000815155
0.462	0.000808862
0.463	0.000802586
0.464	0.000796324
0.465	0.000790079
0.466	0.000783848
0.467	0.000777632
0.468	0.000771434
0.469	0.000765253
0.47	0.000759091
0.471	0.000752948
0.472	0.000746825
0.473	0.000740722
0.474	0.000734639
0.475	0.000728577
0.476	0.000722537
0.477	0.000716518
0.478	0.000710521
0.479	0.000704546
0.48	0.000698593
0.481	0.000692661
0.482	0.000686751
0.483	0.000680863
0.484	0.000674997
0.485	0.000669156
0.486	0.00066334
0.487	0.000657548
0.488	0.000651782
0.489	0.000646041
0.49	0.000640325
0.491	0.000634635
0.492	0.000628971
0.493	0.000623334
0.494	0.000617724
0.495	0.00061214
0.496	0.000606583
0.497	0.000601052
0.498	0.000595547
0.499	0.00059007
0.5	0.000584619
0.501	0.000579198
0.502	0.000573805
0.503	0.000568441
0.504	0.000563105
0.505	0.0005578
0.506	0.000552523
0.507	0.000547276
0.508	0.000542058
0.509	0.000536871
0.51	0.000531713
0.511	0.000526586
0.512	0.00052149
0.513	0.000516422
0.514	0.000511385
0.515	0.000506377
0.516	0.000501399
0.517	0.000496452
0.518	0.000491536
0.519	0.00048665
0.52	0.000481797
0.521	0.000476974
0.522	0.000472183
0.523	0.000467424
0.524	0.000462696
0.525	0.000457999
0.526	0.000453334
0.527	0.000448701
0.528	0.0004441
0.529	0.000439531
0.53	0.000434993
0.531	0.000430488
0.532	0.000426013
0.533	0.00042157
0.534	0.000417158
0.535	0.000412778
0.536	0.00040843
0.537	0.000404114
0.538	0.00039983
0.539	0.000395578
0.54	0.000391358
0.541	0.00038717
0.542	0.000383015
0.543	0.000378891
0.544	0.000374799
0.545	0.00037074
0.546	0.000366711
0.547	0.000362715
0.548	0.00035875
0.549	0.000354818
0.55	0.000350917
0.551	0.000347047
0.552	0.000343208
0.553	0.0003394
0.554	0.000335624
0.555	0.000331879
0.556	0.000328165
0.557	0.000324483
0.558	0.000320832
0.559	0.000317212
0.56	0.000313623
0.561	0.000310065
0.562	0.000306537
0.563	0.000303041
0.564	0.000299575
0.565	0.00029614
0.566	0.000292735
0.567	0.000289361
0.568	0.000286016
0.569	0.000282702
0.57	0.000279418
0.571	0.000276163
0.572	0.000272938
0.573	0.000269742
0.574	0.000266576
0.575	0.000263438
0.576	0.00026033
0.577	0.000257251
0.578	0.000254201
0.579	0.00025118
0.58	0.000248188
0.581	0.000245224
0.582	0.00024229
0.583	0.000239383
0.584	0.000236504
0.585	0.000233654
0.586	0.000230832
0.587	0.000228037
0.588	0.00022527
0.589	0.00022253
0.59	0.000219818
0.591	0.000217133
0.592	0.000214475
0.593	0.000211843
0.594	0.000209238
0.595	0.00020666
0.596	0.000204108
0.597	0.000201582
0.598	0.000199081
0.599	0.000196606
0.6	0.000194157
0.601	0.000191734
0.602	0.000189336
0.603	0.000186962
0.604	0.000184614
0.605	0.000182291
0.606	0.000179992
0.607	0.000177718
0.608	0.000175468
0.609	0.000173242
0.61	0.00017104
0.611	0.000168862
0.612	0.000166708
0.613	0.000164577
0.614	0.000162469
0.615	0.000160385
0.616	0.000158323
0.617	0.000156284
0.618	0.000154267
0.619	0.000152273
0.62	0.000150301
0.621	0.000148351
0.622	0.000146423
0.623	0.000144517
0.624	0.000142632
0.625	0.000140768
0.626	0.000138925
0.627	0.000137103
0.628	0.000135302
0.629	0.000133522
0.63	0.000131762
0.631	0.000130022
0.632	0.000128302
0.633	0.000126603
0.634	0.000124923
0.635	0.000123262
0.636	0.000121621
0.637	0.000119999
0.638	0.000118397
0.639	0.000116813
0.64	0.000115248
0.641	0.000113701
0.642	0.000112173
0.643	0.000110663
0.644	0.000109171
0.645	0.000107697
0.646	0.000106241
0.647	0.000104802
0.648	0.00010338
0.649	0.000101976
0.65	0.000100589
0.651	9.92185e-05
0.652	9.78649e-05
0.653	9.65278e-05
0.654	9.52071e-05
0.655	9.39026e-05
0.656	9.26142e-05
0.657	9.13416e-05
0.658	9.00847e-05
0.659	8.88434e-05
0.66	8.76175e-05
0.661	8.64069e-05
0.662	8.52114e-05
0.663	8.40308e-05
0.664	8.2865e-05
0.665	8.17138e-05
0.666	8.05772e-05
0.667	7.94549e-05
0.668	7.83467e-05
0.669	7.72526e-05
0.67	7.61724e-05
0.671	7.51059e-05
0.672	7.4053e-05
0.673	7.30136e-05
0.674	7.19875e-05
0.675	7.09745e-05
0.676	6.99746e-05
0.677	6.89876e-05
0.678	6.80133e-05
0.679	6.70516e-05
0.68	6.61024e-05
0.681	6.51655e-05
0.682	6.42409e-05
0.683	6.33283e-05
0.684	6.24276e-05
0.685	6.15387e-05
0.686	6.06615e-05
0.687	5.97958e-05
0.688	5.89415e-05
0.689	5.80985e-05
0.69	5.72667e-05
0.691	5.64458e-05
0.692	5.56359e-05
0.693	5.48368e-05
0.694	5.40482e-05
0.695	5.32703e-05
0.696	5.25027e-05
0.697	5.17454e-05
0.698	5.09983e-05
0.699	5.02612e-05
0.7	4.9534e-05
0.701	4.88167e-05
0.702	4.8109e-05
0.703	4.74109e-05
0.704	4.67223e-05
0.705	4.6043e-05
0.706	4.5373e-05
0.707	4.47121e-05
0.708	4.40602e-05
0.709	4.34172e-05
0.71	4.2783e-05
0.711	4.21575e-05
0.712	4.15406e-05
0.713	4.09322e-05
0.714	4.03321e-05
0.715	3.97404e-05
0.716	3.91568e-05
0.717	3.85813e-05
0.718	3.80137e-05
0.719	3.7454e-05
0.72	3.69021e-05
0.721	3.63579e-05
0.722	3.58213e-05
0.723	3.52921e-05
0.724	3.47704e-05
0.725	3.42559e-05
0.726	3.37487e-05
0.727	3.32485e-05
0.728	3.27554e-05
0.729	3.22693e-05
0.73	3.17899e-05
0.731	3.13174e-05
0.732	3.08515e-05
0.733	3.03922e-05
0.734	2.99393e-05
0.735	2.9493e-05
0.736	2.90529e-05
0.737	2.86191e-05
0.738	2.81914e-05
0.739	2.77699e-05
0.74	2.73543e-05
0.741	2.69447e-05
0.742	2.6541e-05
0.743	2.6143e-05
0.744	2.57507e-05
0.745	2.5364e-05
0.746	2.49829e-05
0.747	2.46073e-05
0.748	2.42371e-05
0.749	2.38722e-05
0.75	2.35126e-05
0.751	2.31581e-05
0.752	2.28088e-05
0.753	2.24645e-05
0.754	2.21252e-05
0.755	2.17971e-05
0.756	2.14737e-05
0.757	2.1155e-05
0.758	2.08407e-05
0.759	2.0531e-05
0.76	2.02257e-05
0.761	1.99247e-05
0.762	1.9628e-05
0.763	1.93355e-05
0.764	1.90472e-05
0.765	1.8763e-05
0.766	1.84828e-05
0.767	1.82066e-05
0.768	1.79343e-05
0.769	1.76659e-05
0.77	1.74014e-05
0.771	1.71407e-05
0.772	1.68837e-05
0.773	1.66304e-05
0.774	1.63807e-05
0.775	1.61347e-05
0.776	1.58922e-05
0.777	1.56532e-05
0.778	1.54177e-05
0.779	1.51856e-05
0.78	1.49568e-05
0.781	1.47314e-05
0.782	1.45093e-05
0.783	1.42904e-05
0.784	1.40748e-05
0.785	1.38623e-05
0.786	1.36529e-05
0.787	1.34465e-05
0.788	1.32432e-05
0.789	1.30429e-05
0.79	1.28456e-05
0.791	1.26511e-05
0.792	1.24596e-05
0.793	1.22708e-05
0.794	1.20849e-05
0.795	1.19017e-05
0.796	1.17212e-05
0.797	1.15434e-05
0.798	1.13682e-05
0.799	1.11957e-05
0.8	1.10257e-05
0.801	1.08583e-05
0.802	1.06933e-05
0.803	1.05308e-05
0.804	1.03708e-05
0.805	1.02131e-05
0.806	1.00578e-05
0.807	9.90482e-06
0.808	9.75414e-06
0.809	9.60572e-06
0.81	9.45953e-06
0.811	9.31553e-06
0.812	9.17371e-06
0.813	9.03402e-06
0.814	8.89643e-06
0.815	8.76092e-06
0.816	8.62745e-06
0.817	8.496e-06
0.818	8.36654e-06
0.819	8.23903e-06
0.82	8.11345e-06
0.821	7.98977e-06
0.822	7.86797e-06
0.823	7.74801e-06
0.824	7.62987e-06
0.825	7.51352e-06
0.826	7.39894e-06
0.827	7.2861e-06
0.828	7.17498e-06
0.829	7.06555e-06
0.83	6.95778e-06
0.831	6.85165e-06
0.832	6.74714e-06
0.833	6.64423e-06
0.834	6.54289e-06
0.835	6.44309e-06
0.836	6.34482e-06
0.837	6.24805e-06
0.838	6.15276e-06
0.839	6.05893e-06
0.84	5.96654e-06
0.841	5.87556e-06
0.842	5.78597e-06
0.843	5.69776e-06
0.844	5.6109e-06
0.845	5.52537e-06
0.846	5.44115e-06
0.847	5.35823e-06
0.848	5.27657e-06
0.849	5.19617e-06
0.85	5.117e-06
0.851	5.03905e-06
0.852	4.96229e-06
0.853	4.8867e-06
0.854	4.81228e-06
0.855	4.739e-06
0.856	4.66685e-06
0.857	4.5958e-06
0.858	4.52585e-06
0.859	4.45697e-06
0.86	4.38915e-06
0.861	4.32238e-06
0.862	4.25663e-06
0.863	4.19189e-06
0.864	4.12815e-06
0.865	4.0654e-06
0.866	4.00361e-06
0.867	3.94278e-06
0.868	3.88288e-06
0.869	3.82391e-06
0.87	3.76585e-06
0.871	3.70869e-06
0.872	3.65241e-06
0.873	3.597e-06
0.874	3.54244e-06
0.875	3.48873e-06
0.876	3.43585e-06
0.877	3.38379e-06
0.878	3.33254e-06
0.879	3.28208e-06
0.88	3.23239e-06
0.881	3.18348e-06
0.882	3.13533e-06
0.883	3.08791e-06
0.884	3.04124e-06
0.885	2.99528e-06
0.886	2.95004e-06
0.887	2.9055e-06
0.888	2.86165e-06
0.889	2.81847e-06
0.89	2.77597e-06
0.891	2.73412e-06
0.892	2.69292e-06
0.893	2.65235e-06
0.894	2.61242e-06
0.895	2.5731e-06
0.896	2.53439e-06
0.897	2.49628e-06
0.898	2.45876e-06
0.899	2.42182e-06
0.9	2.38545e-06
0.901	2.34964e-06
0.902	2.31439e-06
0.903	2.27968e-06
0.904	2.2455e-06
0.905	2.21186e-06
0.906	2.17873e-06
0.907	2.14611e-06
0.908	2.114e-06
0.909	2.08239e-06
0.91	2.05126e-06
0.911	2.02061e-06
0.912	1.99043e-06
0.913	1.96072e-06
0.914	1.93147e-06
0.915	1.90267e-06
0.916	1.87431e-06
0.917	1.84639e-06
0.918	1.8189e-06
0.919	1.79183e-06
0.92	1.76517e-06
0.921	1.73893e-06
0.922	1.71309e-06
0.923	1.68765e-06
0.924	1.6626e-06
0.925	1.63793e-06
0.926	1.61364e-06
0.927	1.58973e-06
0.928	1.56618e-06
0.929	1.54299e-06
0.93	1.52016e-06
0.931	1.49767e-06
0.932	1.47553e-06
0.933	1.45373e-06
0.934	1.43227e-06
0.935	1.41113e-06
0.936	1.39031e-06
0.937	1.36981e-06
0.938	1.34963e-06
0.939	1.32975e-06
0.94	1.31018e-06
0.941	1.29091e-06
0.942	1.27193e-06
0.943	1.25323e-06
0.944	1.23483e-06
0.945	1.2167e-06
0.946	1.19885e-06
0.947	1.18127e-06
0.948	1.16395e-06
0.949	1.1469e-06
0.95	1.13011e-06
0.951	1.11358e-06
0.952	1.09729e-06
0.953	1.08125e-06
0.954	1.06545e-06
0.955	1.0499e-06
0.956	1.03457e-06
0.957	1.01948e-06
0.958	1.00462e-06
0.959	9.89984e-07
0.96	9.89984e-07
0.961	9.89984e-07
0.962	9.89984e-07
0.963	9.89984e-07
0.964	9.89984e-07
0.965	9.89984e-07
0.966	9.89984e-07
0.967	9.89984e-07
0.968	9.89984e-07
0.969	9.89984e-07
0.97	9.89984e-07
0.971	9.89984e-07
0.972	9.89984e-07
0.973	9.89984e-07
0.974	9.89984e-07
0.975	9.89984e-07
0.976	9.89984e-07
0.977	9.89984e-07
0.978	9.89984e-07
0.979	9.89984e-07
0.98	9.89984e-07
0.981	9.89984e-07
0.982	9.89984e-07
0.983	9.89984e-07
0.984	9.89984e-07
0.985	9.89984e-07
0.986	9.89984e-07
0.987	9.89984e-07
0.988	9.89984e-07
0.989	9.89984e-07
0.99	9.89984e-07
0.991	9.89984e-07
0.992	9.89984e-07
0.993	9.89984e-07
0.994	9.89984e-07
0.995	9.89984e-07
0.996	9.89984e-07
0.997	9.89984e-07
0.998	9.89984e-07
0.999	9.89984e-07
1	9.89984e-07
1.001	9.89984e-07
1.002	9.89984e-07
1.003	9.89984e-07
1.004	9.89984e-07
1.005	9.89984e-07
1.006	9.89984e-07
1.007	9.89984e-07
1.008	9.89984e-07
1.009	9.89984e-07
1.01	9.89984e-07
1.011	9.89984e-07
1.012	9.89984e-07
1.013	9.89984e-07
1.014	9.89984e-07
1.015	9.89984e-07
1.016	9.89984e-07
1.017	9.89984e-07
1.018	9.89984e-07
1.019	9.89984e-07
1.02	9.89984e-07
1.021	9.89984e-07
1.022	9.89984e-07
1.023	9.89984e-07
1.024	9.89984e-07
1.025	9.89984e-07
1.026	9.89984e-07
1.027	9.89984e-07
1.028	9.89984e-07
1.029	9.89984e-07
1.03	9.89984e-07
1.031	9.89984e-07
1.032	9.89984e-07
1.033	9.89984e-07
1.034	9.89984e-07
1.035	9.89984e-07
1.036	9.89984e-07
1.037	9.89984e-07
1.038	9.89984e-07
1.039	9.89984e-07
1.04	9.89984e-07
1.041	9.89984e-07
1.042	9.89984e-07
1.043	9.89984e-07
1.044	9.89984e-07
1.045	9.89984e-07
1.046	9.89984e-07
1.047	9.89984e-07
1.048	9.89984e-07
1.049	9.89984e-07
1.05	9.89984e-07
1.051	9.89984e-07
1.052	9.89984e-07
1.053	9.89984e-07
1.054	9.89984e-07
1.055	9.89984e-07
1.056	9.89984e-07
1.057	9.89984e-07
1.058	9.89984e-07
1.059	9.89984e-07
1.06	9.89984e-07
1.061	9.89984e-07
1.062	9.89984e-07
1.063	9.89984e-07
1.064	9.89984e-07
1.065	9.89984e-07
1.066	9.89984e-07
1.067	9.89984e-07
1.068	9.89984e-07
1.069	9.89984e-07
1.07	9.89984e-07
1.071	9.89984e-07
1.072	9.89984e-07
1.073	9.89984e-07
1.074	9.89984e-07
1.075	9.89984e-07
1.076	9.89984e-07
1.077	9.89984e-07
1.078	9.89984e-07
1.079	9.89984e-07
1.08	9.89984e-07
1.081	9.89984e-07
1.082	9.89984e-07
1.083	9.89984e-07
1.084	9.89984e-07
1.085	9.89984e-07
1.086	9.89984e-07
1.087	9.89984e-07
1.088	9.89984e-07
1.089	9.89984e-07
1.09	9.89984e-07
1.091	9.89984e-07
1.092	9.89984e-07
1.093	9.89984e-07
1.094	9.89984e-07
1.095	9.89984e-07
1.096	9.89984e-07
1.097	9.89984e-07
1.098	9.89984e-07
1.099	9.89984e-07
1.1	9.89984e-07
1.101	9.89984e-07
1.102	9.89984e-07
1.103	9.89984e-07
1.104	9.89984e-07
1.105	9.89984e-07
1.106	9.89984e-07
1.107	9.89984e-07
1.108	9.89984e-07
1.109	9.89984e-07
1.11	9.89984e-07
1.111	9.89984e-07
1.112	9.89984e-07
1.113	9.89984e-07
1.114	9.89984e-07
1.115	9.89984e-07
1.116	9.89984e-07
1.117	9.89984e-07
1.118	9.89984e-07
1.119	9.89984e-07
1.12	9.89984e-07
1.121	9.89984e-07
1.122	9.89984e-07
1.123	9.89984e-07
1.124	9.89984e-07
1.125	9.89984e-07
1.126	9.89984e-07
1.127	9.89984e-07
1.128	9.89984e-07
1.129	9.89984e-07
1.13	9.89984e-07
1.131	9.89984e-07
1.132	9.89984e-07
1.133	9.89984e-07
1.134	9.89984e-07
1.135	9.89984e-07
1.136	9.89984e-07
1.137	9.89984e-07
1.138	9.89984e-07
1.139	9.89984e-07
1.14	9.89984e-07
1.141	9.89984e-07
1.142	9.89984e-07
1.143	9.89984e-07
1.144	9.89984e-07
1.145	9.89984e-07
1.146	9.89984e-07
1.147	9.89984e-07
1.148	9.89984e-07
1.149	9.89984e-07
1.15	9.89984e-07
1.151	9.89984e-07
1.152	9.89984e-07
1.153	9.89984e-07
1.154	9.89984e-07
1.155	9.89984e-07
1.156	9.89984e-07
1.157	9.89984e-07
1.158	9.89984e-07
1.159	9.89984e-07
1.16	9.89984e-07
1.161	9.89984e-07
1.162	9.89984e-07
1.163	9.89984e-07
1.164	9.89984e-07
1.165	9.89984e-07
1.166	9.89984e-07
1.167	9.89984e-07
1.168	9.89984e-07
1.169	9.89984e-07
1.17	9.89984e-07
1.171	9.89984e-07
1.172	9.89984e-07
1.173	9.89984e-07
1.174	9.89984e-07
1.175	9.89984e-07
1.176	9.89984e-07
1.177	9.89984e-07
1.178	9.89984e-07
1.179	9.89984e-07
1.18	9.89984e-07
1.181	9.89984e-07
1.182	9.89984e-07
1.183	9.89984e-07
1.184	9.89984e-07
1.185	9.89984e-07
1.186	9.89984e-07
1.187	9.89984e-07
1.188	9.89984e-07
1.189	9.89984e-07
1.19	9.89984e-07
1.191	9.89984e-07
1.192	9.89984e-07
1.193	9.89984e-07
1.194	9.89984e-07
1.195	9.89984e-07
1.196	9.89984e-07
1.197	9.89984e-07
1.198	9.89984e-07
1.199	9.89984e-07
1.2	9.89984e-07
1.201	9.89984e-07
1.202	9.89984e-07
1.203	9.89984e-07
1.204	9.89984e-07
1.205	9.89984e-07
1.206	9.89984e-07
1.207	9.89984e-07
1.208	9.89984e-07
1.209	9.89984e-07
1.21	9.89984e-07
1.211	9.89984e-07
1.212	9.89984e-07
1.213	9.89984e-07
1.214	9.89984e-07
1.215	9.89984e-07
1.216	9.89984e-07
1.217	9.89984e-07
1.218	9.89984e-07
1.219	9.89984e-07
1.22	9.89984e-07
1.221	9.89984e-07
1.222	9.89984e-07
1.223	9.89984e-07
1.224	9.89984e-07
1.225	9.89984e-07
1.226	9.89984e-07
1.227	9.89984e-07
1.228	9.89984e-07
1.229	9.89984e-07
1.23	9.89984e-07
1.231	9.89984e-07
1.232	9.89984e-07
1.233	9.89984e-07
1.234	9.89984e-07
1.235	9.89984e-07
1.236	9.89984e-07
1.237	9.89984e-07
1.238	9.89984e-07
1.239	9.89984e-07
1.24	9.89984e-07
1.241	9.89984e-07
1.242	9.89984e-07
1.243	9.89984e-07
1.244	9.89984e-07
1.245	9.89984e-07
1.246	9.89984e-07
1.247	9.89984e-07
1.248	9.89984e-07
1.249	9.89984e-07
1.25	9.89984e-07
1.251	9.89984e-07
1.252	9.89984e-07
1.253	9.89984e-07
1.254	9.89984e-07
1.255	9.89984e-07
1.256	9.89984e-07
1.257	9.89984e-07
1.258	9.89984e-07
1.259	9.89984e-07
1.26	9.89984e-07
1.261	9.89984e-07
1.262	9.89984e-07
1.263	9.89984e-07
1.264	9.89984e-07
1.265	9.89984e-07
1.266	9.89984e-07
1.267	9.89984e-07
1.268	9.89984e-07
1.269	9.89984e-07
1.27	9.89984e-07
1.271	9.89984e-07
1.272	9.89984e-07
1.273	9.89984e-07
1.274	9.89984e-07
1.275	9.89984e-07
1.276	9.89984e-07
1.277	9.89984e-07
1.278	9.89984e-07
1.279	9.89984e-07
1.28	9.89984e-07
1.281	9.89984e-07
1.282	9.89984e-07
1.283	9.89984e-07
1.284	9.89984e-07
1.285	9.89984e-07
1.286	9.89984e-07
1.287	9.89984e-07
1.288	9.89984e-07
1.289	9.89984e-07
1.29	9.89984e-07
1.291	9.89984e-07
1.292	9.89984e-07
1.293	9.89984e-07
1.294	9.89984e-07
1.295	9.89984e-07
1.296	9.89984e-07
1.297	9.89984e-07
1.298	9.89984e-07
1.299	9.89984e-07
1.3	9.89984e-07
1.301	9.89984e-07
1.302	9.89984e-07
1.303	9.89984e-07
1.304	9.89984e-07
1.305	9.89984e-07
1.306	9.89984e-07
1.307	9.89984e-07
1.308	9.89984e-07
1.309	9.89984e-07
1.31	9.89984e-07
1.311	9.89984e-07
1.312	9.89984e-07
1.313	9.89984e-07
1.314	9.89984e-07
1.315	9.89984e-07
1.316	9.89984e-07
1.317	9.89984e-07
1.318	9.89984e-07
1.319	9.89984e-07
1.32	9.89984e-07
1.321	9.89984e-07
1.322	9.89984e-07
1.323	9.89984e-07
1.324	9.89984e-07
1.325	9.89984e-07
1.326	9.89984e-07
1.327	9.89984e-07
1.328	9.89984e-07
1.329	9.89984e-07
1.33	9.89984e-07
1.331	9.89984e-07
1.332	9.89984e-07
1.333	9.89984e-07
1.334	9.89984e-07
1.335	9.89984e-07
1.336	9.89984e-07
1.337	9.89984e-07
1.338	9.89984e-07
1.339	9.89984e-07
1.34	9.89984e-07
1.341	9.89984e-07
1.342	9.89984e-07
1.343	9.89984e-07
1.344	9.89984e-07
1.345	9.89984e-07
1.346	9.89984e-07
1.347	9.89984e-07
1.348	9.89984e-07
1.349	9.89984e-07
1.35	9.89984e-07
1.351	9.89984e-07
1.352	9.89984e-07
1.353	9.89984e-07
1.354	9.89984e-07
1.355	9.89984e-07
1.356	9.89984e-07
1.357	9.89984e-07
1.358	9.89984e-07
1.359	9.89984e-07
1.36	9.89984e-07
1.361	9.89984e-07
1.362	9.89984e-07
1.363	9.89984e-07
1.364	9.89984e-07
1.365	9.89984e-07
1.366	9.89984e-07
1.367	9.89984e-07
1.368	9.89984e-07
1.369	9.89984e-07
1.37	9.89984e-07
1.371	9.89984e-07
1.372	9.89984e-07
1.373	9.89984e-07
1.374	9.89984e-07
1.375	9.89984e-07
1.376	9.89984e-07
1.377	9.89984e-07
1.378	9.89984e-07
1.379	9.89984e-07
1.38	9.89984e-07
1.381	9.89984e-07
1.382	9.89984e-07
1.383	9.89984e-07
1.384	9.89984e-07
1.385	9.89984e-07
1.386	9.89984e-07
1.387	9.89984e-07
1.388	9.89984e-07
1.389	9.89984e-07
1.39	9.89984e-07
1.391	9.89984e-07
1.392	9.89984e-07
1.393	9.89984e-07
1.394	9.89984e-07
1.395	9.89984e-07
1.396	9.89984e-07
1.397	9.89984e-07
1.398	9.89984e-07
1.399	9.89984e-07
1.4	9.89984e-07
1.401	9.89984e-07
1.402	9.89984e-07
1.403	9.89984e-07
1.404	9.89984e-07
1.405	9.89984e-07
1.406	9.89984e-07
1.407	9.89984e-07
1.408	9.89984e-07
1.409	9.89984e-07
1.41	9.89984e-07
1.411	9.89984e-07
1.412	9.89984e-07
1.413	9.89984e-07
1.414	9.89984e-07
1.415	9.89984e-07
1.416	9.89984e-07
1.417	9.89984e-07
1.418	9.89984e-07
1.419	9.89984e-07
1.42	9.89984e-07
1.421	9.89984e-07
1.422	9.89984e-07
1.423	9.89984e-07
1.424	9.89984e-07
1.425	9.89984e-07
1.426	9.89984e-07
1.427	9.89984e-07
1.428	9.89984e-07
1.429	9.89984e-07
1.43	9.89984e-07
1.431	9.89984e-07
1.432	9.89984e-07
1.433	9.89984e-07
1.434	9.89984e-07
1.435	9.89984e-07
1.436	9.89984e-07
1.437	9.89984e-07
1.438	9.89984e-07
1.439	9.89984e-07
1.44	9.89984e-07
1.441	9.89984e-07
1.442	9.89984e-07
1.443	9.89984e-07
1.444	9.89984e-07
1.445	9.89984e-07
1.446	9.89984e-07
1.447	9.89984e-07
1.448	9.89984e-07
1.449	9.89984e-07
1.45	9.89984e-07
1.451	9.89984e-07
1.452	9.89984e-07
1.453	9.89984e-07
1.454	9.89984e-07
1.455	9.89984e-07
1.456	9.89984e-07
1.457	9.89984e-07
1.458	9.89984e-07
1.459	9.89984e-07
1.46	9.89984e-07
1.461	9.89984e-07
1.462	9.89984e-07
1.463	9.89984e-07
1.464	9.89984e-07
1.465	9.89984e-07
1.466	9.89984e-07
1.467	9.89984e-07
1.468	9.89984e-07
1.469	9.89984e-07
1.47	9.89984e-07
1.471	9.89984e-07
1.472	9.89984e-07
1.473	9.89984e-07
1.474	9.89984e-07
1.475	9.89984e-07
1.476	9.89984e-07
1.477	9.89984e-07
1.478	9.89984e-07
1.479	9.89984e-07
1.48	9.89984e-07
1.481	9.89984e-07
1.482	9.89984e-07
1.483	9.89984e-07
1.484	9.89984e-07
1.485	9.89984e-07
1.486	9.89984e-07
1.487	9.89984e-07
1.488	9.89984e-07
1.489	9.89984e-07
1.49	9.89984e-07
1.491	9.89984e-07
1.492	9.89984e-07
1.493	9.89984e-07
1.494	9.89984e-07
1.495	9.89984e-07
1.496	9.89984e-07
1.497	9.89984e-07
1.498	9.89984e-07
1.499	9.89984e-07
1.5	9.89984e-07
1.501	9.89984e-07
1.502	9.89984e-07
1.503	9.89984e-07
1.504	9.89984e-07
1.505	9.89984e-07
1.506	9.89984e-07
1.507	9.89984e-07
1.508	9.89984e-07
1.509	9.89984e-07
1.51	9.89984e-07
1.511	9.89984e-07
1.512	9.89984e-07
1.513	9.89984e-07
1.514	9.89984e-07
1.515	9.89984e-07
1.516	9.89984e-07
1.517	9.89984e-07
1.518	9.89984e-07
1.519	9.89984e-07
1.52	9.89984e-07
1.521	9.89984e-07
1.522	9.89984e-07
1.523	9.89984e-07
1.524	9.89984e-07
1.525	9.89984e-07
1.526	9.89984e-07
1.527	9.89984e-07
1.528	9.89984e-07
1.529	9.89984e-07
1.53	9.89984e-07
1.531	9.89984e-07
1.532	9.89984e-07
1.533	9.89984e-07
1.534	9.89984e-07
1.535	9.89984e-07
1.536	9.89984e-07
1.537	9.89984e-07
1.538	9.89984e-07
1.539	9.89984e-07
1.54	9.89984e-07
1.541	9.89984e-07
1.542	9.89984e-07
1.543	9.89984e-07
1.544	9.89984e-07
1.545	9.89984e-07
1.546	9.89984e-07
1.547	9.89984e-07
1.548	9.89984e-07
1.549	9.89984e-07
1.55	9.89984e-07
1.551	9.89984e-07
1.552	9.89984e-07
1.553	9.89984e-07
1.554	9.89984e-07
1.555	9.89984e-07
1.556	9.89984e-07
1.557	9.89984e-07
1.558	9.89984e-07
1.559	9.89984e-07
1.56	9.89984e-07
1.561	9.89984e-07
1.562	9.89984e-07
1.563	9.89984e-07
1.564	9.89984e-07
1.565	9.89984e-07
1.566	9.89984e-07
1.567	9.89984e-07
1.568	9.89984e-07
1.569	9.89984e-07
1.57	9.89984e-07
1.571	9.89984e-07
1.572	9.89984e-07
1.573	9.89984e-07
1.574	9.89984e-07
1.575	9.89984e-07
1.576	9.89984e-07
1.577	9.89984e-07
1.578	9.89984e-07
1.579	9.89984e-07
1.58	9.89984e-07
1.581	9.89984e-07
1.582	9.89984e-07
1.583	9.89984e-07
1.584	9.89984e-07
1.585	9.89984e-07
1.586	9.89984e-07
1.587	9.89984e-07
1.588	9.89984e-07
1.589	9.89984e-07
1.59	9.89984e-07
1.591	9.89984e-07
1.592	9.89984e-07
1.593	9.89984e-07
1.594	9.89984e-07
1.595	9.89984e-07
1.596	9.89984e-07
1.597	9.89984e-07
1.598	9.89984e-07
1.599	9.89984e-07
1.6	9.89984e-07
1.601	9.89984e-07
1.602	9.89984e-07
1.603	9.89984e-07
1.604	9.89984e-07
1.605	9.89984e-07
1.606	9.89984e-07
1.607	9.89984e-07
1.608	9.89984e-07
1.609	9.89984e-07
1.61	9.89984e-07
1.611	9.89984e-07
1.612	9.89984e-07
1.613	9.89984e-07
1.614	9.89984e-07
1.615	9.89984e-07
1.616	9.89984e-07
1.617	9.89984e-07
1.618	9.89984e-07
1.619	9.89984e-07
1.62	9.89984e-07
1.621	9.89984e-07
1.622	9.89984e-07
1.623	9.89984e-07
1.624	9.89984e-07
1.625	9.89984e-07
1.626	9.89984e-07
1.627	9.89984e-07
1.628	9.89984e-07
1.629	9.89984e-07
1.63	9.89984e-07
1.631	9.89984e-07
1.632	9.89984e-07
1.633	9.89984e-07
1.634	9.89984e-07
1.635	9.89984e-07
1.636	9.89984e-07
1.637	9.89984e-07
1.638	9.89984e-07
1.639	9.89984e-07
1.64	9.89984e-07
1.641	9.89984e-07
1.642	9.89984e-07
1.643	9.89984e-07
1.644	9.89984e-07
1.645	9.89984e-07
1.646	9.89984e-07
1.647	9.89984e-07
1.648	9.89984e-07
1.649	9.89984e-07
1.65	9.89984e-07
1.651	9.89984e-07
1.652	9.89984e-07
1.653	9.89984e-07
1.654	9.89984e-07
1.655	9.89984e-07
1.656	9.89984e-07
1.657	9.89984e-07
1.658	9.89984e-07
1.659	9.89984e-07
1.66	9.89984e-07
1.661	9.89984e-07
1.662	9.89984e-07
1.663	9.89984e-07
1.664	9.89984e-07
1.665	9.89984e-07
1.666	9.89984e-07
1.667	9.89984e-07
1.668	9.89984e-07
1.669	9.89984e-07
1.67	9.89984e-07
1.671	9.89984e-07
1.672	9.89984e-07
1.673	9.89984e-07
1.674	9.89984e-07
1.675	9.89984e-07
1.676	9.89984e-07
1.677	9.89984e-07
1.678	9.89984e-07
1.679	9.89984e-07
1.68	9.89984e-07
1.681	9.89984e-07
1.682	9.89984e-07
1.683	9.89984e-07
1.684	9.89984e-07
1.685	9.89984e-07
1.686	9.89984e-07
1.687	9.89984e-07
1.688	9.89984e-07
1.689	9.89984e-07
1.69	9.89984e-07
1.691	9.89984e-07
1.692	9.89984e-07
1.693	9.89984e-07
1.694	9.89984e-07
1.695	9.89984e-07
1.696	9.89984e-07
1.697	9.89984e-07
1.698	9.89984e-07
1.699	9.89984e-07
1.7	9.89984e-07
1.701	9.89984e-07
1.702	9.89984e-07
1.703	9.89984e-07
1.704	9.89984e-07
1.705	9.89984e-07
1.706	9.89984e-07
1.707	9.89984e-07
1.708	9.89984e-07
1.709	9.89984e-07
1.71	9.89984e-07
1.711	9.89984e-07
1.712	9.89984e-07
1.713	9.89984e-07
1.714	9.89984e-07
1.715	9.89984e-07
1.716	9.89984e-07
1.717	9.89984e-07
1.718	9.89984e-07
1.719	9.89984e-07
1.72	9.89984e-07
1.721	9.89984e-07
1.722	9.89984e-07
1.723	9.89984e-07
1.724	9.89984e-07
1.725	9.89984e-07
1.726	9.89984e-07
1.727	9.89984e-07
1.728	9.89984e-07
1.729	9.89984e-07
1.73	9.89984e-07
1.731	9.89984e-07
1.732	9.89984e-07
1.733	9.89984e-07
1.734	9.89984e-07
1.735	9.89984e-07
1.736	9.89984e-07
1.737	9.89984e-07
1.738	9.89984e-07
1.739	9.89984e-07
1.74	9.89984e-07
1.741	9.89984e-07
1.742	9.89984e-07
1.743	9.89984e-07
1.744	9.89984e-07
1.745	9.89984e-07
1.746	9.89984e-07
1.747	9.89984e-07
1.748	9.89984e-07
1.749	9.89984e-07
1.75	9.89984e-07
1.751	9.89984e-07
1.752	9.89984e-07
1.753	9.89984e-07
1.754	9.89984e-07
1.755	9.89984e-07
1.756	9.89984e-07
1.757	9.89984e-07
1.758	9.89984e-07
1.759	9.89984e-07
1.76	9.89984e-07
1.761	9.89984e-07
1.762	9.89984e-07
1.763	9.89984e-07
1.764	9.89984e-07
1.765	9.89984e-07
1.766	9.89984e-07
1.767	9.89984e-07
1.768	9.89984e-07
1.769	9.89984e-07
1.77	9.89984e-07
1.771	9.89984e-07
1.772	9.89984e-07
1.773	9.89984e-07
1.774	9.89984e-07
1.775	9.89984e-07
1.776	9.89984e-07
1.777	9.89984e-07
1.778	9.89984e-07
1.779	9.89984e-07
1.78	9.89984e-07
1.781	9.89984e-07
1.782	9.89984e-07
1.783	9.89984e-07
1.784	9.89984e-07
1.785	9.89984e-07
1.786	9.89984e-07
1.787	9.89984e-07
1.788	9.89984e-07
1.789	9.89984e-07
1.79	9.89984e-07
1.791	9.89984e-07
1.792	9.89984e-07
1.793	9.89984e-07
1.794	9.89984e-07
1.795	9.89984e-07
1.796	9.89984e-07
1.797	9.89984e-07
1.798	9.89984e-07
1.799	9.89984e-07
1.8	9.89984e-07
1.801	9.89984e-07
1.802	9.89984e-07
1.803	9.89984e-07
1.804	9.89984e-07
1.805	9.89984e-07
1.806	9.89984e-07
1.807	9.89984e-07
1.808	9.89984e-07
1.809	9.89984e-07
1.81	9.89984e-07
1.811	9.89984e-07
1.812	9.89984e-07
1.813	9.89984e-07
1.814	9.89984e-07
1.815	9.89984e-07
1.816	9.89984e-07
1.817	9.89984e-07
1.818	9.89984e-07
1.819	9.89984e-07
1.82	9.89984e-07
1.821	9.89984e-07
1.822	9.89984e-07
1.823	9.89984e-07
1.824	9.89984e-07
1.825	9.89984e-07
1.826	9.89984e-07
1.827	9.89984e-07
1.828	9.89984e-07
1.829	9.89984e-07
1.83	9.89984e-07
1.831	9.89984e-07
1.832	9.89984e-07
1.833	9.89984e-07
1.834	9.89984e-07
1.835	9.89984e-07
1.836	9.89984e-07
1.837	9.89984e-07
1.838	9.89984e-07
1.839	9.89984e-07
1.84	9.89984e-07
1.841	9.89984e-07
1.842	9.89984e-07
1.843	9.89984e-07
1.844	9.89984e-07
1.845	9.89984e-07
1.846	9.89984e-07
1.847	9.89984e-07
1.848	9.89984e-07
1.849	9.89984e-07
1.85	9.89984e-07
1.851	9.89984e-07
1.852	9.89984e-07
1.853	9.89984e-07
1.854	9.89984e-07
1.855	9.89984e-07
1.856	9.89984e-07
1.857	9.89984e-07
1.858	9.89984e-07
1.859	9.89984e-07
1.86	9.89984e-07
1.861	9.89984e-07
1.862	9.89984e-07
1.863	9.89984e-07
1.864	9.89984e-07
1.865	9.89984e-07
1.866	9.89984e-07
1.867	9.89984e-07
1.868	9.89984e-07
1.869	9.89984e-07
1.87	9.89984e-07
1.871	9.89984e-07
1.872	9.89984e-07
1.873	9.89984e-07
1.874	9.89984e-07
1.875	9.89984e-07
1.876	9.89984e-07
1.877	9.89984e-07
1.878	9.89984e-07
1.879	9.89984e-07
1.88	9.89984e-07
1.881	9.89984e-07
1.882	9.89984e-07
1.883	9.89984e-07
1.884	9.89984e-07
1.885	9.89984e-07
1.886	9.89984e-07
1.887	9.89984e-07
1.888	9.89984e-07
1.889	9.89984e-07
1.89	9.89984e-07
1.891	9.89984e-07
1.892	9.89984e-07
1.893	9.89984e-07
1.894	9.89984e-07
1.895	9.89984e-07
1.896	9.89984e-07
1.897	9.89984e-07
1.898	9.89984e-07
1.899	9.89984e-07
1.9	9.89984e-07
1.901	9.89984e-07
1.902	9.89984e-07
1.903	9.89984e-07
1.904	9.89984e-07
1.905	9.89984e-07
1.906	9.89984e-07
1.907	9.89984e-07
1.908	9.89984e-07
1.909	9.89984e-07
1.91	9.89984e-07
1.911	9.89984e-07
1.912	9.89984e-07
1.913	9.89984e-07
1.914	9.89984e-07
1.915	9.89984e-07
1.916	9.89984e-07
1.917	9.89984e-07
1.918	9.89984e-07
1.919	9.89984e-07
1.92	9.89984e-07
1.921	9.89984e-07
1.922	9.89984e-07
1.923	9.89984e-07
1.924	9.89984e-07
1.925	9.89984e-07
1.926	9.89984e-07
1.927	9.89984e-07
1.928	9.89984e-07
1.929	9.89984e-07
1.93	9.89984e-07
1.931	9.89984e-07
1.932	9.89984e-07
1.933	9.89984e-07
1.934	9.89984e-07
1.935	9.89984e-07
1.936	9.89984e-07
1.937	9.89984e-07
1.938	9.89984e-07
1.939	9.89984e-07
1.94	9.89984e-07
1.941	9.89984e-07
1.942	9.89984e-07
1.943	9.89984e-07
1.944	9.89984e-07
1.945	9.89984e-07
1.946	9.89984e-07
1.947	9.89984e-07
1.948	9.89984e-07
1.949	9.89984e-07
1.95	9.89984e-07
1.951	9.89984e-07
1.952	9.89984e-07
1.953	9.89984e-07
1.954	9.89984e-07
1.955	9.89984e-07
1.956	9.89984e-07
1.957	9.89984e-07
1.958	9.89984e-07
1.959	9.89984e-07
1.96	9.89984e-07
1.961	9.89984e-07
1.962	9.89984e-07
1.963	9.89984e-07
1.964	9.89984e-07
1.965	9.89984e-07
1.966	9.89984e-07
1.967	9.89984e-07
1.968	9.89984e-07
1.969	9.89984e-07
1.97	9.89984e-07
1.971	9.89984e-07
1.972	9.89984e-07
1.973	9.89984e-07
1.974	9.89984e-07
1.975	9.89984e-07
1.976	9.89984e-07
1.977	9.89984e-07
1.978	9.89984e-07
1.979	9.89984e-07
1.98	9.89984e-07
1.981	9.89984e-07
1.982	9.89984e-07
1.983	9.89984e-07
1.984	9.89984e-07
1.985	9.89984e-07
1.986	9.89984e-07
1.987	9.89984e-07
1.988	9.89984e-07
1.989	9.89984e-07
1.99	9.89984e-07
1.991	9.89984e-07
1.992	9.89984e-07
1.993	9.89984e-07
1.994	9.89984e-07
1.995	9.89984e-07
1.996	9.89984e-07
1.997	9.89984e-07
1.998	9.89984e-07
1.999	9.89984e-07
2	9.89984e-07
