0.001	1.56113e-07
0.002	4.52804e-08
0.003	6.51307e-07
0.004	3.99146e-07
0.005	5.18211e-07
0.006	7.28468e-09
0.007	4.75709e-07
0.008	2.65011e-07
0.009	1.71696e-07
0.01	1.23454e-07
0.011	7.60586e-08
0.012	7.55134e-08
0.013	6.60535e-08
0.014	5.78225e-08
0.015	5.40864e-08
0.016	4.88108e-08
0.017	4.35981e-08
0.018	3.90607e-08
0.019	3.55714e-08
0.02	3.30606e-08
0.021	9.8817e-07
0.022	9.55619e-07
0.023	9.56991e-07
0.024	9.59426e-07
0.025	9.70004e-07
0.026	3.29028e-08
0.027	3.57291e-08
0.028	3.99632e-08
0.029	4.57459e-08
0.03	5.44415e-08
0.031	6.68377e-08
0.032	8.62221e-08
0.033	1.22573e-07
0.034	2.09192e-07
0.035	7.205e-07
0.036	4.86175e-07
0.037	1.81965e-07
0.038	1.11876e-07
0.039	8.03359e-08
0.04	6.22571e-08
0.041	5.06656e-08
0.042	4.24854e-08
0.043	3.67786e-08
0.044	3.23461e-08
0.045	9.03162e-07
0.046	8.1538e-07
0.047	7.44264e-07
0.048	6.8509e-07
0.049	6.34383e-07
0.05	5.90343e-07
0.051	5.52812e-07
0.052	5.19564e-07
0.053	4.89585e-07
0.054	4.62709e-07
0.055	4.39827e-07
0.056	4.20089e-07
0.057	4.02701e-07
0.058	3.87427e-07
0.059	3.74109e-07
0.06	3.63405e-07
0.061	3.55443e-07
0.062	3.50233e-07
0.063	3.47264e-07
0.064	3.46299e-07
0.065	3.47642e-07
0.066	3.50958e-07
0.067	3.56285e-07
0.068	3.63696e-07
0.069	3.73114e-07
0.07	3.84176e-07
0.071	3.96985e-07
0.072	4.11215e-07
0.073	4.26517e-07
0.074	4.42672e-07
0.075	4.58926e-07
0.076	4.74811e-07
0.077	4.91122e-07
0.078	5.08633e-07
0.079	5.26522e-07
0.08	5.48799e-07
0.081	5.71315e-07
0.082	5.93374e-07
0.083	6.1458e-07
0.084	6.35936e-07
0.085	6.56312e-07
0.086	6.75763e-07
0.087	6.94211e-07
0.088	7.10185e-07
0.089	7.24362e-07
0.09	7.39049e-07
0.091	7.5432e-07
0.092	7.68693e-07
0.093	7.83677e-07
0.094	8.00768e-07
0.095	8.19553e-07
0.096	8.38685e-07
0.097	8.62355e-07
0.098	8.92225e-07
0.099	9.26366e-07
0.1	9.61556e-07
0.101	9.96946e-07
0.102	7.89163e-08
0.103	7.83023e-08
0.104	7.80711e-08
0.105	7.8927e-08
0.106	7.99594e-08
0.107	8.09436e-08
0.108	8.18706e-08
0.109	8.28128e-08
0.11	8.37166e-08
0.111	8.46026e-08
0.112	8.55119e-08
0.113	8.63544e-08
0.114	8.71361e-08
0.115	8.78826e-08
0.116	8.85889e-08
0.117	8.92892e-08
0.118	9e-08
0.119	9.06984e-08
0.12	9.1386e-08
0.121	9.21145e-08
0.122	9.28987e-08
0.123	9.37054e-08
0.124	9.45627e-08
0.125	9.55127e-08
0.126	9.64989e-08
0.127	9.75365e-08
0.128	9.86399e-08
0.129	9.98441e-08
0.13	1.01133e-07
0.131	1.02509e-07
0.132	1.03986e-07
0.133	1.0558e-07
0.134	1.07316e-07
0.135	1.09208e-07
0.136	1.11256e-07
0.137	1.13492e-07
0.138	1.15921e-07
0.139	1.18525e-07
0.14	1.21335e-07
0.141	1.24343e-07
0.142	1.27541e-07
0.143	1.3095e-07
0.144	1.34578e-07
0.145	1.38433e-07
0.146	1.42478e-07
0.147	1.46741e-07
0.148	1.51198e-07
0.149	1.55849e-07
0.15	1.6068e-07
0.151	1.657e-07
0.152	1.70931e-07
0.153	1.76512e-07
0.154	1.82318e-07
0.155	1.8826e-07
0.156	1.94312e-07
0.157	2.00316e-07
0.158	2.06271e-07
0.159	2.12007e-07
0.16	2.17714e-07
0.161	2.23227e-07
0.162	2.28429e-07
0.163	2.33215e-07
0.164	2.37496e-07
0.165	2.41303e-07
0.166	2.44851e-07
0.167	2.48235e-07
0.168	2.51567e-07
0.169	2.55004e-07
0.17	2.58466e-07
0.171	2.62291e-07
0.172	2.67231e-07
0.173	2.73323e-07
0.174	2.80498e-07
0.175	2.88591e-07
0.176	2.97315e-07
0.177	3.06481e-07
0.178	3.15938e-07
0.179	3.25597e-07
0.18	3.35329e-07
0.181	3.44962e-07
0.182	3.54561e-07
0.183	3.64003e-07
0.184	3.73338e-07
0.185	3.8245e-07
0.186	3.91327e-07
0.187	3.99967e-07
0.188	4.08471e-07
0.189	4.16732e-07
0.19	4.24813e-07
0.191	4.32793e-07
0.192	4.40589e-07
0.193	4.48172e-07
0.194	4.55652e-07
0.195	4.62941e-07
0.196	4.70071e-07
0.197	4.77135e-07
0.198	4.8429e-07
0.199	4.91281e-07
0.2	4.98098e-07
0.201	5.04864e-07
0.202	5.11615e-07
0.203	5.18368e-07
0.204	5.25054e-07
0.205	5.31814e-07
0.206	5.38614e-07
0.207	5.45341e-07
0.208	5.51947e-07
0.209	5.58435e-07
0.21	5.64814e-07
0.211	5.71096e-07
0.212	5.77299e-07
0.213	5.8334e-07
0.214	5.89222e-07
0.215	5.94933e-07
0.216	6.00455e-07
0.217	6.05916e-07
0.218	6.11192e-07
0.219	6.16264e-07
0.22	6.21069e-07
0.221	6.25649e-07
0.222	6.29964e-07
0.223	6.33954e-07
0.224	6.37623e-07
0.225	6.41013e-07
0.226	6.44095e-07
0.227	6.46877e-07
0.228	6.4935e-07
0.229	6.51532e-07
0.23	6.5342e-07
0.231	6.55021e-07
0.232	6.56336e-07
0.233	6.57425e-07
0.234	6.58258e-07
0.235	6.5886e-07
0.236	6.5922e-07
0.237	6.59339e-07
0.238	6.59225e-07
0.239	6.58896e-07
0.24	6.58365e-07
0.241	6.57649e-07
0.242	6.56746e-07
0.243	6.55669e-07
0.244	6.54428e-07
0.245	6.53027e-07
0.246	6.51471e-07
0.247	6.49765e-07
0.248	6.47922e-07
0.249	6.45945e-07
0.25	6.43848e-07
0.251	6.41638e-07
0.252	6.39321e-07
0.253	6.36904e-07
0.254	6.34392e-07
0.255	6.31788e-07
0.256	6.29091e-07
0.257	6.26303e-07
0.258	6.23429e-07
0.259	6.20477e-07
0.26	6.17454e-07
0.261	6.14365e-07
0.262	6.11213e-07
0.263	6.08001e-07
0.264	6.04729e-07
0.265	6.01401e-07
0.266	5.98021e-07
0.267	5.94588e-07
0.268	5.91102e-07
0.269	5.87566e-07
0.27	5.83987e-07
0.271	5.80364e-07
0.272	5.76703e-07
0.273	5.73009e-07
0.274	5.69283e-07
0.275	5.65526e-07
0.276	5.61741e-07
0.277	5.57925e-07
0.278	5.54085e-07
0.279	5.5021e-07
0.28	5.46301e-07
0.281	5.42361e-07
0.282	5.38404e-07
0.283	5.34428e-07
0.284	5.30438e-07
0.285	5.26432e-07
0.286	5.22409e-07
0.287	5.18372e-07
0.288	5.14322e-07
0.289	5.10266e-07
0.29	5.06188e-07
0.291	5.02098e-07
0.292	4.97989e-07
0.293	4.93872e-07
0.294	4.89749e-07
0.295	4.85627e-07
0.296	4.81505e-07
0.297	4.77387e-07
0.298	4.73269e-07
0.299	4.6915e-07
0.3	4.65032e-07
0.301	4.60918e-07
0.302	4.56806e-07
0.303	4.52695e-07
0.304	4.48587e-07
0.305	4.44489e-07
0.306	4.40402e-07
0.307	4.36325e-07
0.308	4.32264e-07
0.309	4.28215e-07
0.31	4.24219e-07
0.311	4.20232e-07
0.312	4.16252e-07
0.313	4.12282e-07
0.314	4.08334e-07
0.315	4.04401e-07
0.316	4.00487e-07
0.317	3.9659e-07
0.318	3.9271e-07
0.319	3.88849e-07
0.32	3.8501e-07
0.321	3.8119e-07
0.322	3.77387e-07
0.323	3.73603e-07
0.324	3.69837e-07
0.325	3.66095e-07
0.326	3.62386e-07
0.327	3.58711e-07
0.328	3.55066e-07
0.329	3.51449e-07
0.33	3.47859e-07
0.331	3.44302e-07
0.332	3.40771e-07
0.333	3.37266e-07
0.334	3.33788e-07
0.335	3.30336e-07
0.336	3.26915e-07
0.337	3.23521e-07
0.338	3.20151e-07
0.339	3.16811e-07
0.34	3.13496e-07
0.341	3.1021e-07
0.342	3.06952e-07
0.343	3.03724e-07
0.344	3.00526e-07
0.345	2.97356e-07
0.346	2.94218e-07
0.347	2.9111e-07
0.348	2.88028e-07
0.349	2.84977e-07
0.35	2.81955e-07
0.351	2.78963e-07
0.352	2.75999e-07
0.353	2.73064e-07
0.354	2.70157e-07
0.355	2.67278e-07
0.356	2.64427e-07
0.357	2.61603e-07
0.358	2.58806e-07
0.359	2.56041e-07
0.36	2.53303e-07
0.361	2.50595e-07
0.362	2.47918e-07
0.363	2.45269e-07
0.364	2.42651e-07
0.365	2.40061e-07
0.366	2.37496e-07
0.367	2.34957e-07
0.368	2.32444e-07
0.369	2.29958e-07
0.37	2.27497e-07
0.371	2.25063e-07
0.372	2.22654e-07
0.373	2.20271e-07
0.374	2.17912e-07
0.375	2.1558e-07
0.376	2.13272e-07
0.377	2.10986e-07
0.378	2.08724e-07
0.379	2.06483e-07
0.38	2.04266e-07
0.381	2.02074e-07
0.382	1.99904e-07
0.383	1.97757e-07
0.384	1.95633e-07
0.385	1.93531e-07
0.386	1.9145e-07
0.387	1.89391e-07
0.388	1.87355e-07
0.389	1.8534e-07
0.39	1.83347e-07
0.391	1.81375e-07
0.392	1.79423e-07
0.393	1.77491e-07
0.394	1.7558e-07
0.395	1.73688e-07
0.396	1.71815e-07
0.397	9.92753e-07
0.398	9.83094e-07
0.399	9.73363e-07
0.4	9.63575e-07
0.401	9.53814e-07
0.402	9.44099e-07
0.403	9.34459e-07
0.404	9.24885e-07
0.405	9.15353e-07
0.406	9.0585e-07
0.407	8.96381e-07
0.408	8.86941e-07
0.409	8.77528e-07
0.41	8.68162e-07
0.411	8.58843e-07
0.412	8.49561e-07
0.413	8.4032e-07
0.414	8.31123e-07
0.415	8.21968e-07
0.416	8.12859e-07
0.417	8.0382e-07
0.418	7.94857e-07
0.419	7.85953e-07
0.42	7.77099e-07
0.421	7.68285e-07
0.422	7.59532e-07
0.423	7.50844e-07
0.424	7.4221e-07
0.425	7.33628e-07
0.426	7.25105e-07
0.427	7.16688e-07
0.428	7.08345e-07
0.429	7.00057e-07
0.43	6.91824e-07
0.431	6.83649e-07
0.432	6.75535e-07
0.433	6.67493e-07
0.434	6.59505e-07
0.435	6.51572e-07
0.436	6.43692e-07
0.437	6.35905e-07
0.438	6.28209e-07
0.439	6.20597e-07
0.44	6.13048e-07
0.441	6.05554e-07
0.442	5.98122e-07
0.443	5.90796e-07
0.444	5.83589e-07
0.445	5.76485e-07
0.446	5.69481e-07
0.447	5.62566e-07
0.448	5.55737e-07
0.449	5.49024e-07
0.45	5.42392e-07
0.451	5.35849e-07
0.452	5.29363e-07
0.453	5.22949e-07
0.454	5.16621e-07
0.455	5.10352e-07
0.456	5.04142e-07
0.457	4.98003e-07
0.458	4.91931e-07
0.459	4.85922e-07
0.46	4.79977e-07
0.461	4.74092e-07
0.462	4.68257e-07
0.463	4.6247e-07
0.464	4.56743e-07
0.465	4.51092e-07
0.466	4.45517e-07
0.467	4.40004e-07
0.468	4.34549e-07
0.469	4.29152e-07
0.47	4.2382e-07
0.471	4.18576e-07
0.472	4.13383e-07
0.473	4.08241e-07
0.474	4.03149e-07
0.475	3.9811e-07
0.476	3.93118e-07
0.477	3.88199e-07
0.478	3.83353e-07
0.479	3.78552e-07
0.48	3.73797e-07
0.481	3.69094e-07
0.482	3.64435e-07
0.483	3.59835e-07
0.484	3.55304e-07
0.485	3.50858e-07
0.486	3.46465e-07
0.487	3.42127e-07
0.488	3.37838e-07
0.489	3.33597e-07
0.49	3.29407e-07
0.491	3.25273e-07
0.492	3.21194e-07
0.493	3.17163e-07
0.494	3.13178e-07
0.495	3.0924e-07
0.496	3.0535e-07
0.497	3.01509e-07
0.498	2.9771e-07
0.499	2.93952e-07
0.5	2.90245e-07
0.501	2.8658e-07
0.502	2.82951e-07
0.503	2.79364e-07
0.504	2.75818e-07
0.505	2.72319e-07
0.506	2.68857e-07
0.507	2.65433e-07
0.508	2.62046e-07
0.509	2.58715e-07
0.51	2.55423e-07
0.511	2.52176e-07
0.512	2.4896e-07
0.513	2.45775e-07
0.514	2.42624e-07
0.515	2.39506e-07
0.516	2.36428e-07
0.517	2.33387e-07
0.518	2.30384e-07
0.519	2.27413e-07
0.52	2.24475e-07
0.521	2.21571e-07
0.522	2.18695e-07
0.523	2.15848e-07
0.524	2.1303e-07
0.525	2.10248e-07
0.526	2.07501e-07
0.527	2.04785e-07
0.528	2.02104e-07
0.529	1.99455e-07
0.53	1.96834e-07
0.531	1.94239e-07
0.532	1.91675e-07
0.533	1.89138e-07
0.534	1.86631e-07
0.535	1.84152e-07
0.536	1.81701e-07
0.537	1.79278e-07
0.538	1.76881e-07
0.539	1.74514e-07
0.54	1.72171e-07
0.541	1.69856e-07
0.542	1.67568e-07
0.543	1.65308e-07
0.544	1.63075e-07
0.545	1.60868e-07
0.546	1.58687e-07
0.547	1.56536e-07
0.548	1.54409e-07
0.549	1.52308e-07
0.55	1.50232e-07
0.551	1.4818e-07
0.552	1.4615e-07
0.553	1.44146e-07
0.554	1.42166e-07
0.555	1.40209e-07
0.556	1.38274e-07
0.557	1.36361e-07
0.558	1.34472e-07
0.559	1.32604e-07
0.56	1.30759e-07
0.561	1.28936e-07
0.562	1.27137e-07
0.563	1.25361e-07
0.564	1.23607e-07
0.565	1.21876e-07
0.566	1.20166e-07
0.567	9.96944e-07
0.568	9.86037e-07
0.569	9.74187e-07
0.57	9.61667e-07
0.571	9.48786e-07
0.572	9.35761e-07
0.573	9.22733e-07
0.574	9.09772e-07
0.575	8.96921e-07
0.576	8.84183e-07
0.577	8.71571e-07
0.578	8.59094e-07
0.579	8.46751e-07
0.58	8.34543e-07
0.581	8.22475e-07
0.582	8.1055e-07
0.583	7.98782e-07
0.584	7.87162e-07
0.585	7.75698e-07
0.586	7.64374e-07
0.587	7.53198e-07
0.588	7.42168e-07
0.589	7.31277e-07
0.59	7.20524e-07
0.591	7.09917e-07
0.592	6.99449e-07
0.593	6.89116e-07
0.594	6.78919e-07
0.595	6.68866e-07
0.596	6.58953e-07
0.597	6.49172e-07
0.598	6.39524e-07
0.599	6.30009e-07
0.6	6.2062e-07
0.601	6.11358e-07
0.602	6.02227e-07
0.603	5.9322e-07
0.604	5.84333e-07
0.605	5.75571e-07
0.606	5.6693e-07
0.607	5.58405e-07
0.608	5.49996e-07
0.609	5.41703e-07
0.61	5.33527e-07
0.611	5.25462e-07
0.612	5.17509e-07
0.613	5.09671e-07
0.614	5.01942e-07
0.615	4.94319e-07
0.616	4.86804e-07
0.617	4.79393e-07
0.618	4.7209e-07
0.619	4.64892e-07
0.62	4.57796e-07
0.621	4.50798e-07
0.622	4.43899e-07
0.623	4.37097e-07
0.624	4.30392e-07
0.625	4.23781e-07
0.626	4.17264e-07
0.627	4.10842e-07
0.628	4.04509e-07
0.629	3.98266e-07
0.63	3.92111e-07
0.631	3.86043e-07
0.632	3.80063e-07
0.633	3.74172e-07
0.634	3.68366e-07
0.635	3.62649e-07
0.636	3.57013e-07
0.637	3.51458e-07
0.638	3.45983e-07
0.639	3.4059e-07
0.64	3.35274e-07
0.641	3.3004e-07
0.642	3.24883e-07
0.643	3.198e-07
0.644	3.1479e-07
0.645	3.09853e-07
0.646	3.04987e-07
0.647	3.00192e-07
0.648	2.95468e-07
0.649	2.90813e-07
0.65	2.86226e-07
0.651	2.81707e-07
0.652	2.77255e-07
0.653	2.7287e-07
0.654	2.68551e-07
0.655	2.64296e-07
0.656	2.60103e-07
0.657	2.55976e-07
0.658	2.51909e-07
0.659	2.47905e-07
0.66	2.4396e-07
0.661	2.40075e-07
0.662	2.36248e-07
0.663	2.32479e-07
0.664	2.28766e-07
0.665	2.25108e-07
0.666	2.21506e-07
0.667	2.17957e-07
0.668	2.14462e-07
0.669	2.11019e-07
0.67	2.07629e-07
0.671	2.04289e-07
0.672	2.01001e-07
0.673	1.97762e-07
0.674	1.94574e-07
0.675	1.91433e-07
0.676	1.88341e-07
0.677	1.85296e-07
0.678	1.82297e-07
0.679	1.79345e-07
0.68	1.76437e-07
0.681	1.73575e-07
0.682	1.70757e-07
0.683	1.67984e-07
0.684	1.65253e-07
0.685	1.62564e-07
0.686	1.59918e-07
0.687	1.57312e-07
0.688	1.54747e-07
0.689	1.52223e-07
0.69	1.49737e-07
0.691	1.4729e-07
0.692	1.44881e-07
0.693	1.42509e-07
0.694	1.40174e-07
0.695	1.37876e-07
0.696	1.35614e-07
0.697	1.33387e-07
0.698	1.31194e-07
0.699	1.29037e-07
0.7	1.26913e-07
0.701	1.24824e-07
0.702	1.22767e-07
0.703	1.20742e-07
0.704	1.1875e-07
0.705	1.16788e-07
0.706	1.14858e-07
0.707	1.12958e-07
0.708	1.11089e-07
0.709	1.09249e-07
0.71	1.07439e-07
0.711	1.05658e-07
0.712	1.03905e-07
0.713	1.0218e-07
0.714	1.00482e-07
0.715	9.88113e-08
0.716	9.71674e-08
0.717	9.555e-08
0.718	9.39585e-08
0.719	9.23925e-08
0.72	9.08516e-08
0.721	8.93355e-08
0.722	8.78437e-08
0.723	8.63758e-08
0.724	8.49317e-08
0.725	8.3511e-08
0.726	8.21133e-08
0.727	8.07383e-08
0.728	7.93854e-08
0.729	7.80544e-08
0.73	7.67449e-08
0.731	7.54567e-08
0.732	7.41894e-08
0.733	7.29428e-08
0.734	7.17165e-08
0.735	9.89293e-07
0.736	9.74403e-07
0.737	9.59675e-07
0.738	9.45071e-07
0.739	9.30562e-07
0.74	9.16136e-07
0.741	9.0182e-07
0.742	8.87645e-07
0.743	8.73633e-07
0.744	8.598e-07
0.745	8.46155e-07
0.746	8.327e-07
0.747	8.19438e-07
0.748	8.06368e-07
0.749	7.93488e-07
0.75	7.80798e-07
0.751	7.68296e-07
0.752	7.5598e-07
0.753	7.43849e-07
0.754	7.31901e-07
0.755	7.20135e-07
0.756	7.08548e-07
0.757	6.97139e-07
0.758	6.85906e-07
0.759	6.74847e-07
0.76	6.63961e-07
0.761	6.53244e-07
0.762	6.42695e-07
0.763	6.32312e-07
0.764	6.22093e-07
0.765	6.12035e-07
0.766	6.02135e-07
0.767	5.92393e-07
0.768	5.82805e-07
0.769	5.73369e-07
0.77	5.64084e-07
0.771	5.54946e-07
0.772	5.45953e-07
0.773	5.37105e-07
0.774	5.28397e-07
0.775	5.19828e-07
0.776	5.11397e-07
0.777	5.031e-07
0.778	4.94936e-07
0.779	4.86903e-07
0.78	4.78999e-07
0.781	4.71222e-07
0.782	4.6357e-07
0.783	4.5604e-07
0.784	4.48632e-07
0.785	4.41343e-07
0.786	4.34172e-07
0.787	4.27116e-07
0.788	4.20174e-07
0.789	4.13344e-07
0.79	4.06624e-07
0.791	4.00013e-07
0.792	3.93509e-07
0.793	3.8711e-07
0.794	3.80815e-07
0.795	3.74621e-07
0.796	3.68528e-07
0.797	3.62534e-07
0.798	3.56637e-07
0.799	3.50836e-07
0.8	3.45129e-07
0.801	3.39515e-07
0.802	3.33992e-07
0.803	3.28559e-07
0.804	3.23214e-07
0.805	3.17957e-07
0.806	3.12785e-07
0.807	3.07697e-07
0.808	3.02692e-07
0.809	2.97769e-07
0.81	2.92926e-07
0.811	2.88163e-07
0.812	2.83477e-07
0.813	2.78867e-07
0.814	2.74333e-07
0.815	2.69874e-07
0.816	2.65487e-07
0.817	2.61172e-07
0.818	2.56927e-07
0.819	2.52753e-07
0.82	2.48646e-07
0.821	2.44607e-07
0.822	2.40634e-07
0.823	2.36726e-07
0.824	2.32882e-07
0.825	2.29101e-07
0.826	2.25382e-07
0.827	2.21724e-07
0.828	2.18126e-07
0.829	2.14586e-07
0.83	2.11105e-07
0.831	2.07681e-07
0.832	2.04313e-07
0.833	2.01e-07
0.834	1.97741e-07
0.835	1.94536e-07
0.836	1.91383e-07
0.837	1.88282e-07
0.838	1.85231e-07
0.839	1.82231e-07
0.84	1.7928e-07
0.841	1.76377e-07
0.842	1.73522e-07
0.843	1.70714e-07
0.844	1.67952e-07
0.845	1.65235e-07
0.846	1.62563e-07
0.847	1.59934e-07
0.848	1.57349e-07
0.849	1.54807e-07
0.85	1.52306e-07
0.851	1.49846e-07
0.852	1.47426e-07
0.853	1.45047e-07
0.854	1.42706e-07
0.855	1.40404e-07
0.856	1.38139e-07
0.857	1.35912e-07
0.858	1.33722e-07
0.859	1.31567e-07
0.86	1.29447e-07
0.861	1.27363e-07
0.862	1.25312e-07
0.863	1.23295e-07
0.864	1.21312e-07
0.865	1.1936e-07
0.866	1.17441e-07
0.867	1.15553e-07
0.868	1.13696e-07
0.869	1.11869e-07
0.87	1.10073e-07
0.871	1.08305e-07
0.872	1.06567e-07
0.873	1.04857e-07
0.874	1.03175e-07
0.875	1.0152e-07
0.876	9.98927e-08
0.877	9.82917e-08
0.878	9.67169e-08
0.879	9.51677e-08
0.88	9.36439e-08
0.881	9.21449e-08
0.882	9.06703e-08
0.883	8.92198e-08
0.884	8.77929e-08
0.885	8.63893e-08
0.886	8.50085e-08
0.887	8.36502e-08
0.888	8.2314e-08
0.889	8.09996e-08
0.89	7.97066e-08
0.891	7.84346e-08
0.892	7.71832e-08
0.893	7.59522e-08
0.894	7.47412e-08
0.895	7.35499e-08
0.896	7.23779e-08
0.897	7.1225e-08
0.898	7.00908e-08
0.899	6.89749e-08
0.9	6.78772e-08
0.901	6.67972e-08
0.902	6.57348e-08
0.903	6.46896e-08
0.904	6.36613e-08
0.905	6.26496e-08
0.906	6.16544e-08
0.907	6.06752e-08
0.908	5.97119e-08
0.909	5.87642e-08
0.91	5.78318e-08
0.911	5.69144e-08
0.912	5.60119e-08
0.913	5.51239e-08
0.914	5.42503e-08
0.915	5.33908e-08
0.916	5.25451e-08
0.917	5.17131e-08
0.918	5.08945e-08
0.919	5.00892e-08
0.92	4.92967e-08
0.921	4.85171e-08
0.922	4.775e-08
0.923	4.69952e-08
0.924	4.62526e-08
0.925	4.5522e-08
0.926	4.4803e-08
0.927	4.40957e-08
0.928	4.33997e-08
0.929	4.27149e-08
0.93	9.93758e-07
0.931	9.93758e-07
0.932	9.93758e-07
0.933	9.93758e-07
0.934	9.93758e-07
0.935	9.93758e-07
0.936	9.93758e-07
0.937	9.93758e-07
0.938	9.93758e-07
0.939	9.93758e-07
0.94	9.93758e-07
0.941	9.93758e-07
0.942	9.93758e-07
0.943	9.93758e-07
0.944	9.93758e-07
0.945	9.93758e-07
0.946	9.93758e-07
0.947	9.93758e-07
0.948	9.93758e-07
0.949	9.93758e-07
0.95	9.93758e-07
0.951	9.93758e-07
0.952	9.93758e-07
0.953	9.93758e-07
0.954	9.93758e-07
0.955	9.93758e-07
0.956	9.93758e-07
0.957	9.93758e-07
0.958	9.93758e-07
0.959	9.93758e-07
0.96	9.93758e-07
0.961	9.93758e-07
0.962	9.93758e-07
0.963	9.93758e-07
0.964	9.93758e-07
0.965	9.93758e-07
0.966	9.93758e-07
0.967	9.93758e-07
0.968	9.93758e-07
0.969	9.93758e-07
0.97	9.93758e-07
0.971	9.93758e-07
0.972	9.93758e-07
0.973	9.93758e-07
0.974	9.93758e-07
0.975	9.93758e-07
0.976	9.93758e-07
0.977	9.93758e-07
0.978	9.93758e-07
0.979	9.93758e-07
0.98	9.93758e-07
0.981	9.93758e-07
0.982	9.93758e-07
0.983	9.93758e-07
0.984	9.93758e-07
0.985	9.93758e-07
0.986	9.93758e-07
0.987	9.93758e-07
0.988	9.93758e-07
0.989	9.93758e-07
0.99	9.93758e-07
0.991	9.93758e-07
0.992	9.93758e-07
0.993	9.93758e-07
0.994	9.93758e-07
0.995	9.93758e-07
0.996	9.93758e-07
0.997	9.93758e-07
0.998	9.93758e-07
0.999	9.93758e-07
1	9.93758e-07
1.001	9.93758e-07
1.002	9.93758e-07
1.003	9.93758e-07
1.004	9.93758e-07
1.005	9.93758e-07
1.006	9.93758e-07
1.007	9.93758e-07
1.008	9.93758e-07
1.009	9.93758e-07
1.01	9.93758e-07
1.011	9.93758e-07
1.012	9.93758e-07
1.013	9.93758e-07
1.014	9.93758e-07
1.015	9.93758e-07
1.016	9.93758e-07
1.017	9.93758e-07
1.018	9.93758e-07
1.019	9.93758e-07
1.02	9.93758e-07
1.021	9.93758e-07
1.022	9.93758e-07
1.023	9.93758e-07
1.024	9.93758e-07
1.025	9.93758e-07
1.026	9.93758e-07
1.027	9.93758e-07
1.028	9.93758e-07
1.029	9.93758e-07
1.03	9.93758e-07
1.031	9.93758e-07
1.032	9.93758e-07
1.033	9.93758e-07
1.034	9.93758e-07
1.035	9.93758e-07
1.036	9.93758e-07
1.037	9.93758e-07
1.038	9.93758e-07
1.039	9.93758e-07
1.04	9.93758e-07
1.041	9.93758e-07
1.042	9.93758e-07
1.043	9.93758e-07
1.044	9.93758e-07
1.045	9.93758e-07
1.046	9.93758e-07
1.047	9.93758e-07
1.048	9.93758e-07
1.049	9.93758e-07
1.05	9.93758e-07
1.051	9.93758e-07
1.052	9.93758e-07
1.053	9.93758e-07
1.054	9.93758e-07
1.055	9.93758e-07
1.056	9.93758e-07
1.057	9.93758e-07
1.058	9.93758e-07
1.059	9.93758e-07
1.06	9.93758e-07
1.061	9.93758e-07
1.062	9.93758e-07
1.063	9.93758e-07
1.064	9.93758e-07
1.065	9.93758e-07
1.066	9.93758e-07
1.067	9.93758e-07
1.068	9.93758e-07
1.069	9.93758e-07
1.07	9.93758e-07
1.071	9.93758e-07
1.072	9.93758e-07
1.073	9.93758e-07
1.074	9.93758e-07
1.075	9.93758e-07
1.076	9.93758e-07
1.077	9.93758e-07
1.078	9.93758e-07
1.079	9.93758e-07
1.08	9.93758e-07
1.081	9.93758e-07
1.082	9.93758e-07
1.083	9.93758e-07
1.084	9.93758e-07
1.085	9.93758e-07
1.086	9.93758e-07
1.087	9.93758e-07
1.088	9.93758e-07
1.089	9.93758e-07
1.09	9.93758e-07
1.091	9.93758e-07
1.092	9.93758e-07
1.093	9.93758e-07
1.094	9.93758e-07
1.095	9.93758e-07
1.096	9.93758e-07
1.097	9.93758e-07
1.098	9.93758e-07
1.099	9.93758e-07
1.1	9.93758e-07
1.101	9.93758e-07
1.102	9.93758e-07
1.103	9.93758e-07
1.104	9.93758e-07
1.105	9.93758e-07
1.106	9.93758e-07
1.107	9.93758e-07
1.108	9.93758e-07
1.109	9.93758e-07
1.11	9.93758e-07
1.111	9.93758e-07
1.112	9.93758e-07
1.113	9.93758e-07
1.114	9.93758e-07
1.115	9.93758e-07
1.116	9.93758e-07
1.117	9.93758e-07
1.118	9.93758e-07
1.119	9.93758e-07
1.12	9.93758e-07
1.121	9.93758e-07
1.122	9.93758e-07
1.123	9.93758e-07
1.124	9.93758e-07
1.125	9.93758e-07
1.126	9.93758e-07
1.127	9.93758e-07
1.128	9.93758e-07
1.129	9.93758e-07
1.13	9.93758e-07
1.131	9.93758e-07
1.132	9.93758e-07
1.133	9.93758e-07
1.134	9.93758e-07
1.135	9.93758e-07
1.136	9.93758e-07
1.137	9.93758e-07
1.138	9.93758e-07
1.139	9.93758e-07
1.14	9.93758e-07
1.141	9.93758e-07
1.142	9.93758e-07
1.143	9.93758e-07
1.144	9.93758e-07
1.145	9.93758e-07
1.146	9.93758e-07
1.147	9.93758e-07
1.148	9.93758e-07
1.149	9.93758e-07
1.15	9.93758e-07
1.151	9.93758e-07
1.152	9.93758e-07
1.153	9.93758e-07
1.154	9.93758e-07
1.155	9.93758e-07
1.156	9.93758e-07
1.157	9.93758e-07
1.158	9.93758e-07
1.159	9.93758e-07
1.16	9.93758e-07
1.161	9.93758e-07
1.162	9.93758e-07
1.163	9.93758e-07
1.164	9.93758e-07
1.165	9.93758e-07
1.166	9.93758e-07
1.167	9.93758e-07
1.168	9.93758e-07
1.169	9.93758e-07
1.17	9.93758e-07
1.171	9.93758e-07
1.172	9.93758e-07
1.173	9.93758e-07
1.174	9.93758e-07
1.175	9.93758e-07
1.176	9.93758e-07
1.177	9.93758e-07
1.178	9.93758e-07
1.179	9.93758e-07
1.18	9.93758e-07
1.181	9.93758e-07
1.182	9.93758e-07
1.183	9.93758e-07
1.184	9.93758e-07
1.185	9.93758e-07
1.186	9.93758e-07
1.187	9.93758e-07
1.188	9.93758e-07
1.189	9.93758e-07
1.19	9.93758e-07
1.191	9.93758e-07
1.192	9.93758e-07
1.193	9.93758e-07
1.194	9.93758e-07
1.195	9.93758e-07
1.196	9.93758e-07
1.197	9.93758e-07
1.198	9.93758e-07
1.199	9.93758e-07
1.2	9.93758e-07
1.201	9.93758e-07
1.202	9.93758e-07
1.203	9.93758e-07
1.204	9.93758e-07
1.205	9.93758e-07
1.206	9.93758e-07
1.207	9.93758e-07
1.208	9.93758e-07
1.209	9.93758e-07
1.21	9.93758e-07
1.211	9.93758e-07
1.212	9.93758e-07
1.213	9.93758e-07
1.214	9.93758e-07
1.215	9.93758e-07
1.216	9.93758e-07
1.217	9.93758e-07
1.218	9.93758e-07
1.219	9.93758e-07
1.22	9.93758e-07
1.221	9.93758e-07
1.222	9.93758e-07
1.223	9.93758e-07
1.224	9.93758e-07
1.225	9.93758e-07
1.226	9.93758e-07
1.227	9.93758e-07
1.228	9.93758e-07
1.229	9.93758e-07
1.23	9.93758e-07
1.231	9.93758e-07
1.232	9.93758e-07
1.233	9.93758e-07
1.234	9.93758e-07
1.235	9.93758e-07
1.236	9.93758e-07
1.237	9.93758e-07
1.238	9.93758e-07
1.239	9.93758e-07
1.24	9.93758e-07
1.241	9.93758e-07
1.242	9.93758e-07
1.243	9.93758e-07
1.244	9.93758e-07
1.245	9.93758e-07
1.246	9.93758e-07
1.247	9.93758e-07
1.248	9.93758e-07
1.249	9.93758e-07
1.25	9.93758e-07
1.251	9.93758e-07
1.252	9.93758e-07
1.253	9.93758e-07
1.254	9.93758e-07
1.255	9.93758e-07
1.256	9.93758e-07
1.257	9.93758e-07
1.258	9.93758e-07
1.259	9.93758e-07
1.26	9.93758e-07
1.261	9.93758e-07
1.262	9.93758e-07
1.263	9.93758e-07
1.264	9.93758e-07
1.265	9.93758e-07
1.266	9.93758e-07
1.267	9.93758e-07
1.268	9.93758e-07
1.269	9.93758e-07
1.27	9.93758e-07
1.271	9.93758e-07
1.272	9.93758e-07
1.273	9.93758e-07
1.274	9.93758e-07
1.275	9.93758e-07
1.276	9.93758e-07
1.277	9.93758e-07
1.278	9.93758e-07
1.279	9.93758e-07
1.28	9.93758e-07
1.281	9.93758e-07
1.282	9.93758e-07
1.283	9.93758e-07
1.284	9.93758e-07
1.285	9.93758e-07
1.286	9.93758e-07
1.287	9.93758e-07
1.288	9.93758e-07
1.289	9.93758e-07
1.29	9.93758e-07
1.291	9.93758e-07
1.292	9.93758e-07
1.293	9.93758e-07
1.294	9.93758e-07
1.295	9.93758e-07
1.296	9.93758e-07
1.297	9.93758e-07
1.298	9.93758e-07
1.299	9.93758e-07
1.3	9.93758e-07
1.301	9.93758e-07
1.302	9.93758e-07
1.303	9.93758e-07
1.304	9.93758e-07
1.305	9.93758e-07
1.306	9.93758e-07
1.307	9.93758e-07
1.308	9.93758e-07
1.309	9.93758e-07
1.31	9.93758e-07
1.311	9.93758e-07
1.312	9.93758e-07
1.313	9.93758e-07
1.314	9.93758e-07
1.315	9.93758e-07
1.316	9.93758e-07
1.317	9.93758e-07
1.318	9.93758e-07
1.319	9.93758e-07
1.32	9.93758e-07
1.321	9.93758e-07
1.322	9.93758e-07
1.323	9.93758e-07
1.324	9.93758e-07
1.325	9.93758e-07
1.326	9.93758e-07
1.327	9.93758e-07
1.328	9.93758e-07
1.329	9.93758e-07
1.33	9.93758e-07
1.331	9.93758e-07
1.332	9.93758e-07
1.333	9.93758e-07
1.334	9.93758e-07
1.335	9.93758e-07
1.336	9.93758e-07
1.337	9.93758e-07
1.338	9.93758e-07
1.339	9.93758e-07
1.34	9.93758e-07
1.341	9.93758e-07
1.342	9.93758e-07
1.343	9.93758e-07
1.344	9.93758e-07
1.345	9.93758e-07
1.346	9.93758e-07
1.347	9.93758e-07
1.348	9.93758e-07
1.349	9.93758e-07
1.35	9.93758e-07
1.351	9.93758e-07
1.352	9.93758e-07
1.353	9.93758e-07
1.354	9.93758e-07
1.355	9.93758e-07
1.356	9.93758e-07
1.357	9.93758e-07
1.358	9.93758e-07
1.359	9.93758e-07
1.36	9.93758e-07
1.361	9.93758e-07
1.362	9.93758e-07
1.363	9.93758e-07
1.364	9.93758e-07
1.365	9.93758e-07
1.366	9.93758e-07
1.367	9.93758e-07
1.368	9.93758e-07
1.369	9.93758e-07
1.37	9.93758e-07
1.371	9.93758e-07
1.372	9.93758e-07
1.373	9.93758e-07
1.374	9.93758e-07
1.375	9.93758e-07
1.376	9.93758e-07
1.377	9.93758e-07
1.378	9.93758e-07
1.379	9.93758e-07
1.38	9.93758e-07
1.381	9.93758e-07
1.382	9.93758e-07
1.383	9.93758e-07
1.384	9.93758e-07
1.385	9.93758e-07
1.386	9.93758e-07
1.387	9.93758e-07
1.388	9.93758e-07
1.389	9.93758e-07
1.39	9.93758e-07
1.391	9.93758e-07
1.392	9.93758e-07
1.393	9.93758e-07
1.394	9.93758e-07
1.395	9.93758e-07
1.396	9.93758e-07
1.397	9.93758e-07
1.398	9.93758e-07
1.399	9.93758e-07
1.4	9.93758e-07
1.401	9.93758e-07
1.402	9.93758e-07
1.403	9.93758e-07
1.404	9.93758e-07
1.405	9.93758e-07
1.406	9.93758e-07
1.407	9.93758e-07
1.408	9.93758e-07
1.409	9.93758e-07
1.41	9.93758e-07
1.411	9.93758e-07
1.412	9.93758e-07
1.413	9.93758e-07
1.414	9.93758e-07
1.415	9.93758e-07
1.416	9.93758e-07
1.417	9.93758e-07
1.418	9.93758e-07
1.419	9.93758e-07
1.42	9.93758e-07
1.421	9.93758e-07
1.422	9.93758e-07
1.423	9.93758e-07
1.424	9.93758e-07
1.425	9.93758e-07
1.426	9.93758e-07
1.427	9.93758e-07
1.428	9.93758e-07
1.429	9.93758e-07
1.43	9.93758e-07
1.431	9.93758e-07
1.432	9.93758e-07
1.433	9.93758e-07
1.434	9.93758e-07
1.435	9.93758e-07
1.436	9.93758e-07
1.437	9.93758e-07
1.438	9.93758e-07
1.439	9.93758e-07
1.44	9.93758e-07
1.441	9.93758e-07
1.442	9.93758e-07
1.443	9.93758e-07
1.444	9.93758e-07
1.445	9.93758e-07
1.446	9.93758e-07
1.447	9.93758e-07
1.448	9.93758e-07
1.449	9.93758e-07
1.45	9.93758e-07
1.451	9.93758e-07
1.452	9.93758e-07
1.453	9.93758e-07
1.454	9.93758e-07
1.455	9.93758e-07
1.456	9.93758e-07
1.457	9.93758e-07
1.458	9.93758e-07
1.459	9.93758e-07
1.46	9.93758e-07
1.461	9.93758e-07
1.462	9.93758e-07
1.463	9.93758e-07
1.464	9.93758e-07
1.465	9.93758e-07
1.466	9.93758e-07
1.467	9.93758e-07
1.468	9.93758e-07
1.469	9.93758e-07
1.47	9.93758e-07
1.471	9.93758e-07
1.472	9.93758e-07
1.473	9.93758e-07
1.474	9.93758e-07
1.475	9.93758e-07
1.476	9.93758e-07
1.477	9.93758e-07
1.478	9.93758e-07
1.479	9.93758e-07
1.48	9.93758e-07
1.481	9.93758e-07
1.482	9.93758e-07
1.483	9.93758e-07
1.484	9.93758e-07
1.485	9.93758e-07
1.486	9.93758e-07
1.487	9.93758e-07
1.488	9.93758e-07
1.489	9.93758e-07
1.49	9.93758e-07
1.491	9.93758e-07
1.492	9.93758e-07
1.493	9.93758e-07
1.494	9.93758e-07
1.495	9.93758e-07
1.496	9.93758e-07
1.497	9.93758e-07
1.498	9.93758e-07
1.499	9.93758e-07
1.5	9.93758e-07
1.501	9.93758e-07
1.502	9.93758e-07
1.503	9.93758e-07
1.504	9.93758e-07
1.505	9.93758e-07
1.506	9.93758e-07
1.507	9.93758e-07
1.508	9.93758e-07
1.509	9.93758e-07
1.51	9.93758e-07
1.511	9.93758e-07
1.512	9.93758e-07
1.513	9.93758e-07
1.514	9.93758e-07
1.515	9.93758e-07
1.516	9.93758e-07
1.517	9.93758e-07
1.518	9.93758e-07
1.519	9.93758e-07
1.52	9.93758e-07
1.521	9.93758e-07
1.522	9.93758e-07
1.523	9.93758e-07
1.524	9.93758e-07
1.525	9.93758e-07
1.526	9.93758e-07
1.527	9.93758e-07
1.528	9.93758e-07
1.529	9.93758e-07
1.53	9.93758e-07
1.531	9.93758e-07
1.532	9.93758e-07
1.533	9.93758e-07
1.534	9.93758e-07
1.535	9.93758e-07
1.536	9.93758e-07
1.537	9.93758e-07
1.538	9.93758e-07
1.539	9.93758e-07
1.54	9.93758e-07
1.541	9.93758e-07
1.542	9.93758e-07
1.543	9.93758e-07
1.544	9.93758e-07
1.545	9.93758e-07
1.546	9.93758e-07
1.547	9.93758e-07
1.548	9.93758e-07
1.549	9.93758e-07
1.55	9.93758e-07
1.551	9.93758e-07
1.552	9.93758e-07
1.553	9.93758e-07
1.554	9.93758e-07
1.555	9.93758e-07
1.556	9.93758e-07
1.557	9.93758e-07
1.558	9.93758e-07
1.559	9.93758e-07
1.56	9.93758e-07
1.561	9.93758e-07
1.562	9.93758e-07
1.563	9.93758e-07
1.564	9.93758e-07
1.565	9.93758e-07
1.566	9.93758e-07
1.567	9.93758e-07
1.568	9.93758e-07
1.569	9.93758e-07
1.57	9.93758e-07
1.571	9.93758e-07
1.572	9.93758e-07
1.573	9.93758e-07
1.574	9.93758e-07
1.575	9.93758e-07
1.576	9.93758e-07
1.577	9.93758e-07
1.578	9.93758e-07
1.579	9.93758e-07
1.58	9.93758e-07
1.581	9.93758e-07
1.582	9.93758e-07
1.583	9.93758e-07
1.584	9.93758e-07
1.585	9.93758e-07
1.586	9.93758e-07
1.587	9.93758e-07
1.588	9.93758e-07
1.589	9.93758e-07
1.59	9.93758e-07
1.591	9.93758e-07
1.592	9.93758e-07
1.593	9.93758e-07
1.594	9.93758e-07
1.595	9.93758e-07
1.596	9.93758e-07
1.597	9.93758e-07
1.598	9.93758e-07
1.599	9.93758e-07
1.6	9.93758e-07
1.601	9.93758e-07
1.602	9.93758e-07
1.603	9.93758e-07
1.604	9.93758e-07
1.605	9.93758e-07
1.606	9.93758e-07
1.607	9.93758e-07
1.608	9.93758e-07
1.609	9.93758e-07
1.61	9.93758e-07
1.611	9.93758e-07
1.612	9.93758e-07
1.613	9.93758e-07
1.614	9.93758e-07
1.615	9.93758e-07
1.616	9.93758e-07
1.617	9.93758e-07
1.618	9.93758e-07
1.619	9.93758e-07
1.62	9.93758e-07
1.621	9.93758e-07
1.622	9.93758e-07
1.623	9.93758e-07
1.624	9.93758e-07
1.625	9.93758e-07
1.626	9.93758e-07
1.627	9.93758e-07
1.628	9.93758e-07
1.629	9.93758e-07
1.63	9.93758e-07
1.631	9.93758e-07
1.632	9.93758e-07
1.633	9.93758e-07
1.634	9.93758e-07
1.635	9.93758e-07
1.636	9.93758e-07
1.637	9.93758e-07
1.638	9.93758e-07
1.639	9.93758e-07
1.64	9.93758e-07
1.641	9.93758e-07
1.642	9.93758e-07
1.643	9.93758e-07
1.644	9.93758e-07
1.645	9.93758e-07
1.646	9.93758e-07
1.647	9.93758e-07
1.648	9.93758e-07
1.649	9.93758e-07
1.65	9.93758e-07
1.651	9.93758e-07
1.652	9.93758e-07
1.653	9.93758e-07
1.654	9.93758e-07
1.655	9.93758e-07
1.656	9.93758e-07
1.657	9.93758e-07
1.658	9.93758e-07
1.659	9.93758e-07
1.66	9.93758e-07
1.661	9.93758e-07
1.662	9.93758e-07
1.663	9.93758e-07
1.664	9.93758e-07
1.665	9.93758e-07
1.666	9.93758e-07
1.667	9.93758e-07
1.668	9.93758e-07
1.669	9.93758e-07
1.67	9.93758e-07
1.671	9.93758e-07
1.672	9.93758e-07
1.673	9.93758e-07
1.674	9.93758e-07
1.675	9.93758e-07
1.676	9.93758e-07
1.677	9.93758e-07
1.678	9.93758e-07
1.679	9.93758e-07
1.68	9.93758e-07
1.681	9.93758e-07
1.682	9.93758e-07
1.683	9.93758e-07
1.684	9.93758e-07
1.685	9.93758e-07
1.686	9.93758e-07
1.687	9.93758e-07
1.688	9.93758e-07
1.689	9.93758e-07
1.69	9.93758e-07
1.691	9.93758e-07
1.692	9.93758e-07
1.693	9.93758e-07
1.694	9.93758e-07
1.695	9.93758e-07
1.696	9.93758e-07
1.697	9.93758e-07
1.698	9.93758e-07
1.699	9.93758e-07
1.7	9.93758e-07
1.701	9.93758e-07
1.702	9.93758e-07
1.703	9.93758e-07
1.704	9.93758e-07
1.705	9.93758e-07
1.706	9.93758e-07
1.707	9.93758e-07
1.708	9.93758e-07
1.709	9.93758e-07
1.71	9.93758e-07
1.711	9.93758e-07
1.712	9.93758e-07
1.713	9.93758e-07
1.714	9.93758e-07
1.715	9.93758e-07
1.716	9.93758e-07
1.717	9.93758e-07
1.718	9.93758e-07
1.719	9.93758e-07
1.72	9.93758e-07
1.721	9.93758e-07
1.722	9.93758e-07
1.723	9.93758e-07
1.724	9.93758e-07
1.725	9.93758e-07
1.726	9.93758e-07
1.727	9.93758e-07
1.728	9.93758e-07
1.729	9.93758e-07
1.73	9.93758e-07
1.731	9.93758e-07
1.732	9.93758e-07
1.733	9.93758e-07
1.734	9.93758e-07
1.735	9.93758e-07
1.736	9.93758e-07
1.737	9.93758e-07
1.738	9.93758e-07
1.739	9.93758e-07
1.74	9.93758e-07
1.741	9.93758e-07
1.742	9.93758e-07
1.743	9.93758e-07
1.744	9.93758e-07
1.745	9.93758e-07
1.746	9.93758e-07
1.747	9.93758e-07
1.748	9.93758e-07
1.749	9.93758e-07
1.75	9.93758e-07
1.751	9.93758e-07
1.752	9.93758e-07
1.753	9.93758e-07
1.754	9.93758e-07
1.755	9.93758e-07
1.756	9.93758e-07
1.757	9.93758e-07
1.758	9.93758e-07
1.759	9.93758e-07
1.76	9.93758e-07
1.761	9.93758e-07
1.762	9.93758e-07
1.763	9.93758e-07
1.764	9.93758e-07
1.765	9.93758e-07
1.766	9.93758e-07
1.767	9.93758e-07
1.768	9.93758e-07
1.769	9.93758e-07
1.77	9.93758e-07
1.771	9.93758e-07
1.772	9.93758e-07
1.773	9.93758e-07
1.774	9.93758e-07
1.775	9.93758e-07
1.776	9.93758e-07
1.777	9.93758e-07
1.778	9.93758e-07
1.779	9.93758e-07
1.78	9.93758e-07
1.781	9.93758e-07
1.782	9.93758e-07
1.783	9.93758e-07
1.784	9.93758e-07
1.785	9.93758e-07
1.786	9.93758e-07
1.787	9.93758e-07
1.788	9.93758e-07
1.789	9.93758e-07
1.79	9.93758e-07
1.791	9.93758e-07
1.792	9.93758e-07
1.793	9.93758e-07
1.794	9.93758e-07
1.795	9.93758e-07
1.796	9.93758e-07
1.797	9.93758e-07
1.798	9.93758e-07
1.799	9.93758e-07
1.8	9.93758e-07
1.801	9.93758e-07
1.802	9.93758e-07
1.803	9.93758e-07
1.804	9.93758e-07
1.805	9.93758e-07
1.806	9.93758e-07
1.807	9.93758e-07
1.808	9.93758e-07
1.809	9.93758e-07
1.81	9.93758e-07
1.811	9.93758e-07
1.812	9.93758e-07
1.813	9.93758e-07
1.814	9.93758e-07
1.815	9.93758e-07
1.816	9.93758e-07
1.817	9.93758e-07
1.818	9.93758e-07
1.819	9.93758e-07
1.82	9.93758e-07
1.821	9.93758e-07
1.822	9.93758e-07
1.823	9.93758e-07
1.824	9.93758e-07
1.825	9.93758e-07
1.826	9.93758e-07
1.827	9.93758e-07
1.828	9.93758e-07
1.829	9.93758e-07
1.83	9.93758e-07
1.831	9.93758e-07
1.832	9.93758e-07
1.833	9.93758e-07
1.834	9.93758e-07
1.835	9.93758e-07
1.836	9.93758e-07
1.837	9.93758e-07
1.838	9.93758e-07
1.839	9.93758e-07
1.84	9.93758e-07
1.841	9.93758e-07
1.842	9.93758e-07
1.843	9.93758e-07
1.844	9.93758e-07
1.845	9.93758e-07
1.846	9.93758e-07
1.847	9.93758e-07
1.848	9.93758e-07
1.849	9.93758e-07
1.85	9.93758e-07
1.851	9.93758e-07
1.852	9.93758e-07
1.853	9.93758e-07
1.854	9.93758e-07
1.855	9.93758e-07
1.856	9.93758e-07
1.857	9.93758e-07
1.858	9.93758e-07
1.859	9.93758e-07
1.86	9.93758e-07
1.861	9.93758e-07
1.862	9.93758e-07
1.863	9.93758e-07
1.864	9.93758e-07
1.865	9.93758e-07
1.866	9.93758e-07
1.867	9.93758e-07
1.868	9.93758e-07
1.869	9.93758e-07
1.87	9.93758e-07
1.871	9.93758e-07
1.872	9.93758e-07
1.873	9.93758e-07
1.874	9.93758e-07
1.875	9.93758e-07
1.876	9.93758e-07
1.877	9.93758e-07
1.878	9.93758e-07
1.879	9.93758e-07
1.88	9.93758e-07
1.881	9.93758e-07
1.882	9.93758e-07
1.883	9.93758e-07
1.884	9.93758e-07
1.885	9.93758e-07
1.886	9.93758e-07
1.887	9.93758e-07
1.888	9.93758e-07
1.889	9.93758e-07
1.89	9.93758e-07
1.891	9.93758e-07
1.892	9.93758e-07
1.893	9.93758e-07
1.894	9.93758e-07
1.895	9.93758e-07
1.896	9.93758e-07
1.897	9.93758e-07
1.898	9.93758e-07
1.899	9.93758e-07
1.9	9.93758e-07
1.901	9.93758e-07
1.902	9.93758e-07
1.903	9.93758e-07
1.904	9.93758e-07
1.905	9.93758e-07
1.906	9.93758e-07
1.907	9.93758e-07
1.908	9.93758e-07
1.909	9.93758e-07
1.91	9.93758e-07
1.911	9.93758e-07
1.912	9.93758e-07
1.913	9.93758e-07
1.914	9.93758e-07
1.915	9.93758e-07
1.916	9.93758e-07
1.917	9.93758e-07
1.918	9.93758e-07
1.919	9.93758e-07
1.92	9.93758e-07
1.921	9.93758e-07
1.922	9.93758e-07
1.923	9.93758e-07
1.924	9.93758e-07
1.925	9.93758e-07
1.926	9.93758e-07
1.927	9.93758e-07
1.928	9.93758e-07
1.929	9.93758e-07
1.93	9.93758e-07
1.931	9.93758e-07
1.932	9.93758e-07
1.933	9.93758e-07
1.934	9.93758e-07
1.935	9.93758e-07
1.936	9.93758e-07
1.937	9.93758e-07
1.938	9.93758e-07
1.939	9.93758e-07
1.94	9.93758e-07
1.941	9.93758e-07
1.942	9.93758e-07
1.943	9.93758e-07
1.944	9.93758e-07
1.945	9.93758e-07
1.946	9.93758e-07
1.947	9.93758e-07
1.948	9.93758e-07
1.949	9.93758e-07
1.95	9.93758e-07
1.951	9.93758e-07
1.952	9.93758e-07
1.953	9.93758e-07
1.954	9.93758e-07
1.955	9.93758e-07
1.956	9.93758e-07
1.957	9.93758e-07
1.958	9.93758e-07
1.959	9.93758e-07
1.96	9.93758e-07
1.961	9.93758e-07
1.962	9.93758e-07
1.963	9.93758e-07
1.964	9.93758e-07
1.965	9.93758e-07
1.966	9.93758e-07
1.967	9.93758e-07
1.968	9.93758e-07
1.969	9.93758e-07
1.97	9.93758e-07
1.971	9.93758e-07
1.972	9.93758e-07
1.973	9.93758e-07
1.974	9.93758e-07
1.975	9.93758e-07
1.976	9.93758e-07
1.977	9.93758e-07
1.978	9.93758e-07
1.979	9.93758e-07
1.98	9.93758e-07
1.981	9.93758e-07
1.982	9.93758e-07
1.983	9.93758e-07
1.984	9.93758e-07
1.985	9.93758e-07
1.986	9.93758e-07
1.987	9.93758e-07
1.988	9.93758e-07
1.989	9.93758e-07
1.99	9.93758e-07
1.991	9.93758e-07
1.992	9.93758e-07
1.993	9.93758e-07
1.994	9.93758e-07
1.995	9.93758e-07
1.996	9.93758e-07
1.997	9.93758e-07
1.998	9.93758e-07
1.999	9.93758e-07
2	9.93758e-07
