0.001	3
0.002	3
0.003	2
0.004	2
0.005	2
0.006	3
0.007	2
0.008	2
0.009	2
0.01	2
0.011	2
0.012	2
0.013	2
0.014	2
0.015	2
0.016	2
0.017	2
0.018	2
0.019	2
0.02	2
0.021	2
0.022	2
0.023	2
0.024	2
0.025	2
0.026	2
0.027	2
0.028	2
0.029	2
0.03	2
0.031	2
0.032	2
0.033	2
0.034	2
0.035	2
0.036	2
0.037	2
0.038	2
0.039	2
0.04	2
0.041	2
0.042	2
0.043	2
0.044	2
0.045	2
0.046	2
0.047	2
0.048	2
0.049	2
0.05	2
0.051	2
0.052	2
0.053	2
0.054	2
0.055	2
0.056	2
0.057	2
0.058	2
0.059	2
0.06	2
0.061	2
0.062	2
0.063	2
0.064	2
0.065	2
0.066	2
0.067	2
0.068	2
0.069	2
0.07	2
0.071	2
0.072	2
0.073	2
0.074	2
0.075	2
0.076	2
0.077	2
0.078	2
0.079	2
0.08	2
0.081	2
0.082	2
0.083	2
0.084	2
0.085	2
0.086	2
0.087	2
0.088	2
0.089	2
0.09	2
0.091	2
0.092	2
0.093	2
0.094	2
0.095	2
0.096	2
0.097	2
0.098	2
0.099	2
0.1	2
0.101	2
0.102	2
0.103	2
0.104	2
0.105	2
0.106	2
0.107	2
0.108	2
0.109	2
0.11	2
0.111	2
0.112	2
0.113	2
0.114	2
0.115	2
0.116	2
0.117	2
0.118	2
0.119	2
0.12	2
0.121	2
0.122	2
0.123	2
0.124	2
0.125	2
0.126	2
0.127	2
0.128	2
0.129	2
0.13	2
0.131	2
0.132	2
0.133	2
0.134	2
0.135	2
0.136	2
0.137	2
0.138	2
0.139	2
0.14	2
0.141	2
0.142	2
0.143	2
0.144	2
0.145	2
0.146	2
0.147	2
0.148	2
0.149	2
0.15	2
0.151	2
0.152	2
0.153	2
0.154	2
0.155	2
0.156	2
0.157	2
0.158	2
0.159	2
0.16	2
0.161	2
0.162	2
0.163	2
0.164	2
0.165	2
0.166	2
0.167	2
0.168	2
0.169	2
0.17	2
0.171	2
0.172	2
0.173	2
0.174	2
0.175	2
0.176	2
0.177	2
0.178	2
0.179	2
0.18	2
0.181	2
0.182	2
0.183	2
0.184	2
0.185	2
0.186	2
0.187	2
0.188	2
0.189	2
0.19	2
0.191	2
0.192	2
0.193	2
0.194	2
0.195	2
0.196	2
0.197	2
0.198	2
0.199	2
0.2	2
0.201	2
0.202	2
0.203	2
0.204	2
0.205	2
0.206	2
0.207	2
0.208	2
0.209	2
0.21	2
0.211	2
0.212	2
0.213	2
0.214	2
0.215	2
0.216	2
0.217	2
0.218	2
0.219	2
0.22	2
0.221	2
0.222	2
0.223	2
0.224	2
0.225	2
0.226	2
0.227	2
0.228	2
0.229	2
0.23	2
0.231	2
0.232	2
0.233	2
0.234	2
0.235	2
0.236	2
0.237	2
0.238	2
0.239	2
0.24	2
0.241	2
0.242	2
0.243	2
0.244	2
0.245	2
0.246	2
0.247	2
0.248	2
0.249	2
0.25	2
0.251	2
0.252	2
0.253	2
0.254	2
0.255	2
0.256	2
0.257	2
0.258	2
0.259	2
0.26	2
0.261	2
0.262	2
0.263	2
0.264	2
0.265	2
0.266	2
0.267	2
0.268	2
0.269	2
0.27	2
0.271	2
0.272	2
0.273	2
0.274	2
0.275	2
0.276	2
0.277	2
0.278	2
0.279	2
0.28	2
0.281	2
0.282	2
0.283	2
0.284	2
0.285	2
0.286	2
0.287	2
0.288	2
0.289	2
0.29	2
0.291	2
0.292	2
0.293	2
0.294	2
0.295	2
0.296	2
0.297	2
0.298	2
0.299	2
0.3	2
0.301	2
0.302	2
0.303	2
0.304	2
0.305	2
0.306	2
0.307	2
0.308	2
0.309	2
0.31	2
0.311	2
0.312	2
0.313	2
0.314	2
0.315	2
0.316	2
0.317	2
0.318	2
0.319	2
0.32	2
0.321	2
0.322	2
0.323	2
0.324	2
0.325	2
0.326	2
0.327	2
0.328	2
0.329	2
0.33	2
0.331	2
0.332	2
0.333	2
0.334	2
0.335	2
0.336	2
0.337	2
0.338	2
0.339	2
0.34	2
0.341	2
0.342	2
0.343	2
0.344	2
0.345	2
0.346	2
0.347	2
0.348	2
0.349	2
0.35	2
0.351	2
0.352	2
0.353	2
0.354	2
0.355	2
0.356	2
0.357	2
0.358	2
0.359	2
0.36	2
0.361	2
0.362	2
0.363	2
0.364	2
0.365	2
0.366	2
0.367	2
0.368	2
0.369	2
0.37	2
0.371	2
0.372	2
0.373	2
0.374	2
0.375	2
0.376	2
0.377	2
0.378	2
0.379	2
0.38	2
0.381	2
0.382	2
0.383	2
0.384	2
0.385	2
0.386	2
0.387	2
0.388	2
0.389	2
0.39	2
0.391	2
0.392	2
0.393	2
0.394	2
0.395	2
0.396	2
0.397	2
0.398	2
0.399	2
0.4	2
0.401	2
0.402	2
0.403	2
0.404	2
0.405	2
0.406	2
0.407	2
0.408	2
0.409	2
0.41	2
0.411	2
0.412	2
0.413	2
0.414	2
0.415	2
0.416	2
0.417	2
0.418	2
0.419	2
0.42	2
0.421	2
0.422	2
0.423	2
0.424	2
0.425	2
0.426	2
0.427	2
0.428	2
0.429	2
0.43	2
0.431	2
0.432	2
0.433	2
0.434	2
0.435	2
0.436	2
0.437	2
0.438	2
0.439	2
0.44	2
0.441	2
0.442	2
0.443	2
0.444	2
0.445	2
0.446	2
0.447	2
0.448	2
0.449	2
0.45	2
0.451	2
0.452	2
0.453	2
0.454	2
0.455	2
0.456	2
0.457	2
0.458	2
0.459	2
0.46	2
0.461	2
0.462	2
0.463	2
0.464	2
0.465	2
0.466	2
0.467	2
0.468	2
0.469	2
0.47	2
0.471	2
0.472	2
0.473	2
0.474	2
0.475	2
0.476	2
0.477	2
0.478	2
0.479	2
0.48	2
0.481	2
0.482	2
0.483	2
0.484	2
0.485	2
0.486	2
0.487	2
0.488	2
0.489	2
0.49	2
0.491	2
0.492	2
0.493	2
0.494	2
0.495	2
0.496	2
0.497	2
0.498	2
0.499	2
0.5	2
0.501	2
0.502	2
0.503	2
0.504	2
0.505	2
0.506	2
0.507	2
0.508	2
0.509	2
0.51	2
0.511	2
0.512	2
0.513	2
0.514	2
0.515	2
0.516	2
0.517	2
0.518	2
0.519	2
0.52	2
0.521	2
0.522	2
0.523	2
0.524	2
0.525	2
0.526	2
0.527	2
0.528	2
0.529	2
0.53	2
0.531	2
0.532	2
0.533	2
0.534	2
0.535	2
0.536	2
0.537	2
0.538	2
0.539	2
0.54	2
0.541	2
0.542	2
0.543	2
0.544	2
0.545	2
0.546	2
0.547	2
0.548	2
0.549	2
0.55	2
0.551	2
0.552	2
0.553	2
0.554	2
0.555	2
0.556	2
0.557	2
0.558	2
0.559	2
0.56	2
0.561	2
0.562	2
0.563	2
0.564	2
0.565	2
0.566	2
0.567	2
0.568	2
0.569	2
0.57	2
0.571	2
0.572	2
0.573	2
0.574	2
0.575	2
0.576	2
0.577	2
0.578	2
0.579	1
0.58	1
0.581	1
0.582	1
0.583	1
0.584	1
0.585	1
0.586	1
0.587	1
0.588	1
0.589	1
0.59	1
0.591	1
0.592	1
0.593	1
0.594	1
0.595	1
0.596	1
0.597	1
0.598	1
0.599	1
0.6	1
0.601	1
0.602	1
0.603	1
0.604	1
0.605	1
0.606	1
0.607	1
0.608	1
0.609	1
0.61	1
0.611	1
0.612	1
0.613	1
0.614	1
0.615	1
0.616	1
0.617	1
0.618	1
0.619	1
0.62	1
0.621	1
0.622	1
0.623	1
0.624	1
0.625	1
0.626	1
0.627	1
0.628	1
0.629	1
0.63	1
0.631	1
0.632	1
0.633	1
0.634	1
0.635	1
0.636	1
0.637	1
0.638	1
0.639	1
0.64	1
0.641	1
0.642	1
0.643	1
0.644	1
0.645	1
0.646	1
0.647	1
0.648	1
0.649	1
0.65	1
0.651	1
0.652	1
0.653	1
0.654	1
0.655	1
0.656	1
0.657	1
0.658	1
0.659	1
0.66	1
0.661	1
0.662	1
0.663	1
0.664	1
0.665	1
0.666	1
0.667	1
0.668	1
0.669	1
0.67	1
0.671	1
0.672	1
0.673	1
0.674	1
0.675	1
0.676	1
0.677	1
0.678	1
0.679	1
0.68	1
0.681	1
0.682	1
0.683	1
0.684	1
0.685	1
0.686	1
0.687	1
0.688	1
0.689	1
0.69	1
0.691	1
0.692	1
0.693	1
0.694	1
0.695	1
0.696	1
0.697	1
0.698	1
0.699	1
0.7	1
0.701	1
0.702	1
0.703	1
0.704	1
0.705	1
0.706	1
0.707	1
0.708	1
0.709	1
0.71	1
0.711	1
0.712	1
0.713	1
0.714	1
0.715	1
0.716	1
0.717	1
0.718	1
0.719	1
0.72	1
0.721	1
0.722	1
0.723	1
0.724	1
0.725	1
0.726	1
0.727	1
0.728	1
0.729	1
0.73	1
0.731	1
0.732	1
0.733	1
0.734	1
0.735	1
0.736	1
0.737	1
0.738	1
0.739	1
0.74	1
0.741	1
0.742	1
0.743	1
0.744	1
0.745	1
0.746	1
0.747	1
0.748	1
0.749	1
0.75	1
0.751	1
0.752	1
0.753	1
0.754	1
0.755	1
0.756	1
0.757	1
0.758	1
0.759	1
0.76	1
0.761	1
0.762	1
0.763	1
0.764	1
0.765	1
0.766	1
0.767	1
0.768	1
0.769	1
0.77	1
0.771	1
0.772	1
0.773	1
0.774	1
0.775	1
0.776	1
0.777	1
0.778	1
0.779	1
0.78	1
0.781	1
0.782	1
0.783	1
0.784	1
0.785	1
0.786	1
0.787	1
0.788	1
0.789	1
0.79	1
0.791	1
0.792	1
0.793	1
0.794	1
0.795	1
0.796	1
0.797	1
0.798	1
0.799	1
0.8	1
0.801	1
0.802	1
0.803	1
0.804	1
0.805	1
0.806	1
0.807	1
0.808	1
0.809	1
0.81	1
0.811	1
0.812	1
0.813	1
0.814	1
0.815	1
0.816	1
0.817	1
0.818	1
0.819	1
0.82	1
0.821	1
0.822	1
0.823	1
0.824	1
0.825	1
0.826	1
0.827	1
0.828	1
0.829	1
0.83	1
0.831	1
0.832	1
0.833	1
0.834	1
0.835	1
0.836	1
0.837	1
0.838	1
0.839	1
0.84	1
0.841	1
0.842	1
0.843	1
0.844	1
0.845	1
0.846	1
0.847	1
0.848	1
0.849	1
0.85	1
0.851	1
0.852	1
0.853	1
0.854	1
0.855	1
0.856	1
0.857	1
0.858	1
0.859	1
0.86	1
0.861	1
0.862	1
0.863	1
0.864	1
0.865	1
0.866	1
0.867	1
0.868	1
0.869	1
0.87	1
0.871	1
0.872	1
0.873	1
0.874	1
0.875	1
0.876	1
0.877	1
0.878	1
0.879	1
0.88	1
0.881	1
0.882	1
0.883	1
0.884	1
0.885	1
0.886	1
0.887	1
0.888	1
0.889	1
0.89	1
0.891	1
0.892	1
0.893	1
0.894	1
0.895	1
0.896	1
0.897	1
0.898	1
0.899	1
0.9	1
0.901	1
0.902	1
0.903	1
0.904	1
0.905	1
0.906	1
0.907	1
0.908	1
0.909	1
0.91	1
0.911	1
0.912	1
0.913	1
0.914	1
0.915	1
0.916	1
0.917	1
0.918	1
0.919	1
0.92	1
0.921	1
0.922	1
0.923	1
0.924	1
0.925	1
0.926	1
0.927	1
0.928	1
0.929	1
0.93	1
0.931	1
0.932	1
0.933	1
0.934	1
0.935	1
0.936	1
0.937	1
0.938	1
0.939	1
0.94	1
0.941	1
0.942	1
0.943	1
0.944	1
0.945	1
0.946	1
0.947	1
0.948	1
0.949	1
0.95	1
0.951	1
0.952	1
0.953	1
0.954	1
0.955	1
0.956	1
0.957	1
0.958	1
0.959	0
0.96	0
0.961	0
0.962	0
0.963	0
0.964	0
0.965	0
0.966	0
0.967	0
0.968	0
0.969	0
0.97	0
0.971	0
0.972	0
0.973	0
0.974	0
0.975	0
0.976	0
0.977	0
0.978	0
0.979	0
0.98	0
0.981	0
0.982	0
0.983	0
0.984	0
0.985	0
0.986	0
0.987	0
0.988	0
0.989	0
0.99	0
0.991	0
0.992	0
0.993	0
0.994	0
0.995	0
0.996	0
0.997	0
0.998	0
0.999	0
1	0
1.001	0
1.002	0
1.003	0
1.004	0
1.005	0
1.006	0
1.007	0
1.008	0
1.009	0
1.01	0
1.011	0
1.012	0
1.013	0
1.014	0
1.015	0
1.016	0
1.017	0
1.018	0
1.019	0
1.02	0
1.021	0
1.022	0
1.023	0
1.024	0
1.025	0
1.026	0
1.027	0
1.028	0
1.029	0
1.03	0
1.031	0
1.032	0
1.033	0
1.034	0
1.035	0
1.036	0
1.037	0
1.038	0
1.039	0
1.04	0
1.041	0
1.042	0
1.043	0
1.044	0
1.045	0
1.046	0
1.047	0
1.048	0
1.049	0
1.05	0
1.051	0
1.052	0
1.053	0
1.054	0
1.055	0
1.056	0
1.057	0
1.058	0
1.059	0
1.06	0
1.061	0
1.062	0
1.063	0
1.064	0
1.065	0
1.066	0
1.067	0
1.068	0
1.069	0
1.07	0
1.071	0
1.072	0
1.073	0
1.074	0
1.075	0
1.076	0
1.077	0
1.078	0
1.079	0
1.08	0
1.081	0
1.082	0
1.083	0
1.084	0
1.085	0
1.086	0
1.087	0
1.088	0
1.089	0
1.09	0
1.091	0
1.092	0
1.093	0
1.094	0
1.095	0
1.096	0
1.097	0
1.098	0
1.099	0
1.1	0
1.101	0
1.102	0
1.103	0
1.104	0
1.105	0
1.106	0
1.107	0
1.108	0
1.109	0
1.11	0
1.111	0
1.112	0
1.113	0
1.114	0
1.115	0
1.116	0
1.117	0
1.118	0
1.119	0
1.12	0
1.121	0
1.122	0
1.123	0
1.124	0
1.125	0
1.126	0
1.127	0
1.128	0
1.129	0
1.13	0
1.131	0
1.132	0
1.133	0
1.134	0
1.135	0
1.136	0
1.137	0
1.138	0
1.139	0
1.14	0
1.141	0
1.142	0
1.143	0
1.144	0
1.145	0
1.146	0
1.147	0
1.148	0
1.149	0
1.15	0
1.151	0
1.152	0
1.153	0
1.154	0
1.155	0
1.156	0
1.157	0
1.158	0
1.159	0
1.16	0
1.161	0
1.162	0
1.163	0
1.164	0
1.165	0
1.166	0
1.167	0
1.168	0
1.169	0
1.17	0
1.171	0
1.172	0
1.173	0
1.174	0
1.175	0
1.176	0
1.177	0
1.178	0
1.179	0
1.18	0
1.181	0
1.182	0
1.183	0
1.184	0
1.185	0
1.186	0
1.187	0
1.188	0
1.189	0
1.19	0
1.191	0
1.192	0
1.193	0
1.194	0
1.195	0
1.196	0
1.197	0
1.198	0
1.199	0
1.2	0
1.201	0
1.202	0
1.203	0
1.204	0
1.205	0
1.206	0
1.207	0
1.208	0
1.209	0
1.21	0
1.211	0
1.212	0
1.213	0
1.214	0
1.215	0
1.216	0
1.217	0
1.218	0
1.219	0
1.22	0
1.221	0
1.222	0
1.223	0
1.224	0
1.225	0
1.226	0
1.227	0
1.228	0
1.229	0
1.23	0
1.231	0
1.232	0
1.233	0
1.234	0
1.235	0
1.236	0
1.237	0
1.238	0
1.239	0
1.24	0
1.241	0
1.242	0
1.243	0
1.244	0
1.245	0
1.246	0
1.247	0
1.248	0
1.249	0
1.25	0
1.251	0
1.252	0
1.253	0
1.254	0
1.255	0
1.256	0
1.257	0
1.258	0
1.259	0
1.26	0
1.261	0
1.262	0
1.263	0
1.264	0
1.265	0
1.266	0
1.267	0
1.268	0
1.269	0
1.27	0
1.271	0
1.272	0
1.273	0
1.274	0
1.275	0
1.276	0
1.277	0
1.278	0
1.279	0
1.28	0
1.281	0
1.282	0
1.283	0
1.284	0
1.285	0
1.286	0
1.287	0
1.288	0
1.289	0
1.29	0
1.291	0
1.292	0
1.293	0
1.294	0
1.295	0
1.296	0
1.297	0
1.298	0
1.299	0
1.3	0
1.301	0
1.302	0
1.303	0
1.304	0
1.305	0
1.306	0
1.307	0
1.308	0
1.309	0
1.31	0
1.311	0
1.312	0
1.313	0
1.314	0
1.315	0
1.316	0
1.317	0
1.318	0
1.319	0
1.32	0
1.321	0
1.322	0
1.323	0
1.324	0
1.325	0
1.326	0
1.327	0
1.328	0
1.329	0
1.33	0
1.331	0
1.332	0
1.333	0
1.334	0
1.335	0
1.336	0
1.337	0
1.338	0
1.339	0
1.34	0
1.341	0
1.342	0
1.343	0
1.344	0
1.345	0
1.346	0
1.347	0
1.348	0
1.349	0
1.35	0
1.351	0
1.352	0
1.353	0
1.354	0
1.355	0
1.356	0
1.357	0
1.358	0
1.359	0
1.36	0
1.361	0
1.362	0
1.363	0
1.364	0
1.365	0
1.366	0
1.367	0
1.368	0
1.369	0
1.37	0
1.371	0
1.372	0
1.373	0
1.374	0
1.375	0
1.376	0
1.377	0
1.378	0
1.379	0
1.38	0
1.381	0
1.382	0
1.383	0
1.384	0
1.385	0
1.386	0
1.387	0
1.388	0
1.389	0
1.39	0
1.391	0
1.392	0
1.393	0
1.394	0
1.395	0
1.396	0
1.397	0
1.398	0
1.399	0
1.4	0
1.401	0
1.402	0
1.403	0
1.404	0
1.405	0
1.406	0
1.407	0
1.408	0
1.409	0
1.41	0
1.411	0
1.412	0
1.413	0
1.414	0
1.415	0
1.416	0
1.417	0
1.418	0
1.419	0
1.42	0
1.421	0
1.422	0
1.423	0
1.424	0
1.425	0
1.426	0
1.427	0
1.428	0
1.429	0
1.43	0
1.431	0
1.432	0
1.433	0
1.434	0
1.435	0
1.436	0
1.437	0
1.438	0
1.439	0
1.44	0
1.441	0
1.442	0
1.443	0
1.444	0
1.445	0
1.446	0
1.447	0
1.448	0
1.449	0
1.45	0
1.451	0
1.452	0
1.453	0
1.454	0
1.455	0
1.456	0
1.457	0
1.458	0
1.459	0
1.46	0
1.461	0
1.462	0
1.463	0
1.464	0
1.465	0
1.466	0
1.467	0
1.468	0
1.469	0
1.47	0
1.471	0
1.472	0
1.473	0
1.474	0
1.475	0
1.476	0
1.477	0
1.478	0
1.479	0
1.48	0
1.481	0
1.482	0
1.483	0
1.484	0
1.485	0
1.486	0
1.487	0
1.488	0
1.489	0
1.49	0
1.491	0
1.492	0
1.493	0
1.494	0
1.495	0
1.496	0
1.497	0
1.498	0
1.499	0
1.5	0
1.501	0
1.502	0
1.503	0
1.504	0
1.505	0
1.506	0
1.507	0
1.508	0
1.509	0
1.51	0
1.511	0
1.512	0
1.513	0
1.514	0
1.515	0
1.516	0
1.517	0
1.518	0
1.519	0
1.52	0
1.521	0
1.522	0
1.523	0
1.524	0
1.525	0
1.526	0
1.527	0
1.528	0
1.529	0
1.53	0
1.531	0
1.532	0
1.533	0
1.534	0
1.535	0
1.536	0
1.537	0
1.538	0
1.539	0
1.54	0
1.541	0
1.542	0
1.543	0
1.544	0
1.545	0
1.546	0
1.547	0
1.548	0
1.549	0
1.55	0
1.551	0
1.552	0
1.553	0
1.554	0
1.555	0
1.556	0
1.557	0
1.558	0
1.559	0
1.56	0
1.561	0
1.562	0
1.563	0
1.564	0
1.565	0
1.566	0
1.567	0
1.568	0
1.569	0
1.57	0
1.571	0
1.572	0
1.573	0
1.574	0
1.575	0
1.576	0
1.577	0
1.578	0
1.579	0
1.58	0
1.581	0
1.582	0
1.583	0
1.584	0
1.585	0
1.586	0
1.587	0
1.588	0
1.589	0
1.59	0
1.591	0
1.592	0
1.593	0
1.594	0
1.595	0
1.596	0
1.597	0
1.598	0
1.599	0
1.6	0
1.601	0
1.602	0
1.603	0
1.604	0
1.605	0
1.606	0
1.607	0
1.608	0
1.609	0
1.61	0
1.611	0
1.612	0
1.613	0
1.614	0
1.615	0
1.616	0
1.617	0
1.618	0
1.619	0
1.62	0
1.621	0
1.622	0
1.623	0
1.624	0
1.625	0
1.626	0
1.627	0
1.628	0
1.629	0
1.63	0
1.631	0
1.632	0
1.633	0
1.634	0
1.635	0
1.636	0
1.637	0
1.638	0
1.639	0
1.64	0
1.641	0
1.642	0
1.643	0
1.644	0
1.645	0
1.646	0
1.647	0
1.648	0
1.649	0
1.65	0
1.651	0
1.652	0
1.653	0
1.654	0
1.655	0
1.656	0
1.657	0
1.658	0
1.659	0
1.66	0
1.661	0
1.662	0
1.663	0
1.664	0
1.665	0
1.666	0
1.667	0
1.668	0
1.669	0
1.67	0
1.671	0
1.672	0
1.673	0
1.674	0
1.675	0
1.676	0
1.677	0
1.678	0
1.679	0
1.68	0
1.681	0
1.682	0
1.683	0
1.684	0
1.685	0
1.686	0
1.687	0
1.688	0
1.689	0
1.69	0
1.691	0
1.692	0
1.693	0
1.694	0
1.695	0
1.696	0
1.697	0
1.698	0
1.699	0
1.7	0
1.701	0
1.702	0
1.703	0
1.704	0
1.705	0
1.706	0
1.707	0
1.708	0
1.709	0
1.71	0
1.711	0
1.712	0
1.713	0
1.714	0
1.715	0
1.716	0
1.717	0
1.718	0
1.719	0
1.72	0
1.721	0
1.722	0
1.723	0
1.724	0
1.725	0
1.726	0
1.727	0
1.728	0
1.729	0
1.73	0
1.731	0
1.732	0
1.733	0
1.734	0
1.735	0
1.736	0
1.737	0
1.738	0
1.739	0
1.74	0
1.741	0
1.742	0
1.743	0
1.744	0
1.745	0
1.746	0
1.747	0
1.748	0
1.749	0
1.75	0
1.751	0
1.752	0
1.753	0
1.754	0
1.755	0
1.756	0
1.757	0
1.758	0
1.759	0
1.76	0
1.761	0
1.762	0
1.763	0
1.764	0
1.765	0
1.766	0
1.767	0
1.768	0
1.769	0
1.77	0
1.771	0
1.772	0
1.773	0
1.774	0
1.775	0
1.776	0
1.777	0
1.778	0
1.779	0
1.78	0
1.781	0
1.782	0
1.783	0
1.784	0
1.785	0
1.786	0
1.787	0
1.788	0
1.789	0
1.79	0
1.791	0
1.792	0
1.793	0
1.794	0
1.795	0
1.796	0
1.797	0
1.798	0
1.799	0
1.8	0
1.801	0
1.802	0
1.803	0
1.804	0
1.805	0
1.806	0
1.807	0
1.808	0
1.809	0
1.81	0
1.811	0
1.812	0
1.813	0
1.814	0
1.815	0
1.816	0
1.817	0
1.818	0
1.819	0
1.82	0
1.821	0
1.822	0
1.823	0
1.824	0
1.825	0
1.826	0
1.827	0
1.828	0
1.829	0
1.83	0
1.831	0
1.832	0
1.833	0
1.834	0
1.835	0
1.836	0
1.837	0
1.838	0
1.839	0
1.84	0
1.841	0
1.842	0
1.843	0
1.844	0
1.845	0
1.846	0
1.847	0
1.848	0
1.849	0
1.85	0
1.851	0
1.852	0
1.853	0
1.854	0
1.855	0
1.856	0
1.857	0
1.858	0
1.859	0
1.86	0
1.861	0
1.862	0
1.863	0
1.864	0
1.865	0
1.866	0
1.867	0
1.868	0
1.869	0
1.87	0
1.871	0
1.872	0
1.873	0
1.874	0
1.875	0
1.876	0
1.877	0
1.878	0
1.879	0
1.88	0
1.881	0
1.882	0
1.883	0
1.884	0
1.885	0
1.886	0
1.887	0
1.888	0
1.889	0
1.89	0
1.891	0
1.892	0
1.893	0
1.894	0
1.895	0
1.896	0
1.897	0
1.898	0
1.899	0
1.9	0
1.901	0
1.902	0
1.903	0
1.904	0
1.905	0
1.906	0
1.907	0
1.908	0
1.909	0
1.91	0
1.911	0
1.912	0
1.913	0
1.914	0
1.915	0
1.916	0
1.917	0
1.918	0
1.919	0
1.92	0
1.921	0
1.922	0
1.923	0
1.924	0
1.925	0
1.926	0
1.927	0
1.928	0
1.929	0
1.93	0
1.931	0
1.932	0
1.933	0
1.934	0
1.935	0
1.936	0
1.937	0
1.938	0
1.939	0
1.94	0
1.941	0
1.942	0
1.943	0
1.944	0
1.945	0
1.946	0
1.947	0
1.948	0
1.949	0
1.95	0
1.951	0
1.952	0
1.953	0
1.954	0
1.955	0
1.956	0
1.957	0
1.958	0
1.959	0
1.96	0
1.961	0
1.962	0
1.963	0
1.964	0
1.965	0
1.966	0
1.967	0
1.968	0
1.969	0
1.97	0
1.971	0
1.972	0
1.973	0
1.974	0
1.975	0
1.976	0
1.977	0
1.978	0
1.979	0
1.98	0
1.981	0
1.982	0
1.983	0
1.984	0
1.985	0
1.986	0
1.987	0
1.988	0
1.989	0
1.99	0
1.991	0
1.992	0
1.993	0
1.994	0
1.995	0
1.996	0
1.997	0
1.998	0
1.999	0
2	0
